Throughput: 0.00 ops/sec
Latency Measurements (ns):
Throughput: 0.00 ops/sec
Latency Measurements (ns):
Throughput: 144.26 ops/sec
Throughput: 0.00 ops/sec
Latency Measurements (ns):
Latency Measurements (ns):
371916.00
868750.00
1929792.00
3036625.00
4097875.00
Throughput: 0.00 ops/sec
747250.00
Latency Measurements (ns):
579291.00
913917.00
585125.00
527375.00
656084.00
494125.00
491417.00
401250.00
458792.00
440041.00
499250.00
470584.00
424542.00
526458.00
343167.00
512791.00
495625.00
539708.00
288875.00
378000.00
450042.00
506875.00
492208.00
168125.00
368084.00
489542.00
507333.00
571041.00
381959.00
529000.00
479541.00
800750.00
566000.00
636459.00
894375.00
709250.00
779959.00
816458.00
465917.00
612875.00
537375.00
578709.00
526375.00
457084.00
457958.00
566166.00
601792.00
661542.00
683667.00
669417.00
475375.00
639541.00
664500.00
571833.00
462250.00
514333.00
529750.00
602458.00
603708.00
556125.00
672833.00
598917.00
691333.00
629000.00
460750.00
633958.00
497291.00
664417.00
576625.00
697042.00
623083.00
641875.00
676792.00
404125.00
668875.00
626625.00
539542.00
373375.00
490042.00
740792.00
466333.00
647041.00
880334.00
708459.00
632875.00
686666.00
648208.00
559917.00
658625.00
721084.00
781750.00
822542.00
715666.00
684542.00
1049834.00
646667.00
633583.00
715667.00
688333.00
613500.00
748250.00
690000.00
728333.00
723125.00
1019583.00
1049292.00
672750.00
746875.00
720625.00
734417.00
740125.00
700125.00
750583.00
757167.00
932375.00
793667.00
802917.00
701916.00
709000.00
814333.00
778875.00
759375.00
753167.00
783792.00
1024750.00
631625.00
849500.00
767334.00
683959.00
766958.00
824292.00
741666.00
826000.00
757041.00
688875.00
736417.00
753667.00
1135250.00
768708.00
846250.00
797292.00
776625.00
779333.00
777542.00
814042.00
787084.00
767750.00
767625.00
851667.00
790875.00
870459.00
789250.00
815167.00
763084.00
903750.00
1174416.00
878125.00
903083.00
770500.00
778083.00
785208.00
822791.00
822667.00
844667.00
1121166.00
1385791.00
2107125.00
982333.00
1208041.00
1163583.00
979500.00
1001375.00
947834.00
853583.00
1195083.00
892416.00
1082458.00
1025417.00
801709.00
972875.00
1027334.00
990709.00
1289292.00
1314583.00
1010625.00
975916.00
1009458.00
861667.00
1274875.00
970083.00
1110542.00
846709.00
1195334.00
1141333.00
1120834.00
1696083.00
1112125.00
1334792.00
894167.00
1180125.00
1405667.00
1007792.00
881000.00
947084.00
1328167.00
1074875.00
1234958.00
1018791.00
991708.00
1361333.00
1438375.00
1298666.00
1172709.00
1271208.00
1516250.00
976125.00
1391292.00
1163125.00
853417.00
1080708.00
1055000.00
1051292.00
1001542.00
1304625.00
902667.00
961792.00
1267666.00
1033041.00
949583.00
1028834.00
968000.00
1088083.00
1142458.00
1329000.00
1314459.00
1026416.00
1328542.00
1254208.00
1012250.00
Throughput: 0.00 ops/sec
962666.00
Latency Measurements (ns):
1093250.00
916958.00
1002292.00
1296750.00
1504042.00
Throughput: 0.00 ops/sec
1434125.00
Latency Measurements (ns):
1102000.00
1303125.00
Throughput: 0.00 ops/sec
1300792.00
Latency Measurements (ns):
1199125.00
1072667.00
1043167.00
1490792.00
1136584.00
1922542.00
1487166.00
1445584.00
1263708.00
1371666.00
2231375.00
1490000.00
1327166.00
1260125.00
1442292.00
1399791.00
1337125.00
1275834.00
Throughput: 28.67 ops/sec
Latency Measurements (ns):
460666.00
463458.00
1434000.00
466709.00
1314792.00
435625.00
1268583.00
433750.00
1556500.00
400042.00
1270583.00
551041.00
474125.00
1444375.00
1580875.00
1272625.00
388750.00
1643000.00
316958.00
1541959.00
546125.00
1517042.00
155417.00
2299375.00
559708.00
1022041.00
439750.00
1468417.00
558125.00
1554959.00
181416.00
1393166.00
433292.00
1210542.00
297750.00
1479125.00
234959.00
1453500.00
509375.00
1575833.00
498167.00
1206750.00
351750.00
1401583.00
450000.00
1370000.00
649625.00
1622625.00
640417.00
1434542.00
491042.00
1351750.00
504000.00
1419667.00
603667.00
2291542.00
213958.00
1375042.00
548166.00
1615750.00
484167.00
1632917.00
777208.00
1488417.00
612542.00
1366500.00
613958.00
1444458.00
331417.00
1752833.00
555000.00
1550167.00
474750.00
1505625.00
608958.00
1586000.00
852708.00
1555375.00
465250.00
1495750.00
551208.00
1541084.00
645875.00
1200625.00
710667.00
1411333.00
498209.00
1433250.00
589500.00
1289708.00
370833.00
1492458.00
346458.00
1193416.00
588542.00
1264792.00
317250.00
1488459.00
774292.00
1671583.00
646375.00
1211875.00
308584.00
1166041.00
977084.00
1152583.00
621625.00
1185875.00
794500.00
1500792.00
456333.00
1544875.00
518500.00
1650875.00
641750.00
1438542.00
690916.00
1264042.00
855792.00
1141542.00
835417.00
1708542.00
498833.00
1406583.00
665708.00
2474041.00
705334.00
1578625.00
657250.00
1721167.00
677250.00
1207834.00
844125.00
1427667.00
654917.00
1702709.00
612791.00
1381041.00
742833.00
1782500.00
909666.00
1709166.00
908750.00
1715625.00
883375.00
1356500.00
619750.00
1178791.00
894833.00
1579250.00
828166.00
1626167.00
709500.00
1532209.00
737958.00
1554583.00
714583.00
1565167.00
853042.00
1451625.00
938792.00
1707042.00
1087042.00
1514000.00
679042.00
1218291.00
637916.00
1568417.00
876375.00
1303792.00
737250.00
1690666.00
801791.00
1576583.00
655958.00
1188583.00
825750.00
1305292.00
763916.00
1724833.00
946791.00
1564084.00
846042.00
1709917.00
831875.00
1225125.00
737584.00
2394542.00
879083.00
1721375.00
826959.00
1768000.00
746750.00
2034041.00
823416.00
1430084.00
729916.00
1594500.00
877667.00
1608750.00
809666.00
1926500.00
950833.00
1702791.00
748625.00
1663333.00
750250.00
1820500.00
827584.00
1746125.00
478458.00
1289917.00
509500.00
1789000.00
457834.00
1867417.00
959125.00
1854625.00
1139667.00
1348000.00
802833.00
1577458.00
604292.00
1885250.00
884708.00
1563083.00
860167.00
1847375.00
775875.00
1738416.00
793792.00
1875000.00
998000.00
1875333.00
819041.00
2064208.00
639208.00
1483250.00
1043791.00
1868125.00
918500.00
1461791.00
1038000.00
1827625.00
742541.00
2123334.00
1072125.00
2794750.00
897417.00
2068708.00
1022542.00
1640667.00
1130042.00
1591708.00
936083.00
1906792.00
972542.00
1697542.00
1104167.00
1761583.00
1154542.00
1855375.00
929167.00
1808833.00
922792.00
1686667.00
982833.00
2032959.00
707041.00
1685292.00
1010375.00
1818084.00
1118167.00
1592458.00
1120208.00
1693584.00
762167.00
1283208.00
1000833.00
2097709.00
1245209.00
1905584.00
1084000.00
1432209.00
1422042.00
1783542.00
937167.00
1385959.00
893166.00
1767584.00
1096333.00
1761708.00
612041.00
1938333.00
1095584.00
1746375.00
1415375.00
1850125.00
648667.00
1737625.00
1467250.00
1679167.00
1031459.00
2183375.00
1420375.00
1780542.00
1105958.00
2045292.00
1117834.00
1915250.00
1154125.00
1787791.00
576833.00
2045209.00
1683458.00
2088583.00
1201542.00
1431417.00
1144333.00
1860917.00
1408458.00
1984625.00
1412208.00
1965500.00
926416.00
1736541.00
1190958.00
1580167.00
972334.00
2038334.00
1305958.00
1828625.00
1559500.00
1872917.00
1264583.00
2164042.00
1646791.00
1881292.00
1137625.00
1870041.00
1213667.00
2173041.00
1192417.00
1567458.00
1375250.00
1938667.00
708042.00
1911750.00
1315041.00
2002000.00
851125.00
1926000.00
1863167.00
1722791.00
1567583.00
1769833.00
1229000.00
2125084.00
1357125.00
1485916.00
758625.00
2216875.00
1932708.00
2303250.00
1431125.00
2380875.00
1264625.00
2278458.00
1158250.00
1940417.00
665667.00
2021875.00
1127167.00
1592000.00
1350083.00
2042959.00
1040334.00
2169542.00
1605250.00
1688500.00
758375.00
1838500.00
1630458.00
1916583.00
1333084.00
1992041.00
1222667.00
1845042.00
1329667.00
1360417.00
1554791.00
1457167.00
1937083.00
1723958.00
2028375.00
1960208.00
705958.00
1988458.00
1662709.00
1710625.00
1116750.00
2104250.00
1223959.00
1973125.00
909083.00
2145417.00
1267000.00
2084959.00
1472084.00
2213417.00
721500.00
2167500.00
765125.00
1893125.00
1256083.00
1559750.00
886500.00
1488125.00
1463583.00
1871250.00
751833.00
1641417.00
1480042.00
2145500.00
1539750.00
2138208.00
1612500.00
2108917.00
1930167.00
2028416.00
1259000.00
1899667.00
1234667.00
1894250.00
1330792.00
1794917.00
1464583.00
1730083.00
1474917.00
1968125.00
1905166.00
2446125.00
1664667.00
1847917.00
1462667.00
2449083.00
735458.00
2094500.00
702708.00
1826708.00
1332500.00
2263417.00
1980709.00
2310584.00
1725666.00
1933584.00
787750.00
2124125.00
1741417.00
1650250.00
1804000.00
2119708.00
1848792.00
1492000.00
1100708.00
1966250.00
1145083.00
2120458.00
1561625.00
2207834.00
1805792.00
1624209.00
1511542.00
2023500.00
1586292.00
2120916.00
1845959.00
2171333.00
3109250.00
2183000.00
911375.00
1734375.00
1711458.00
2168583.00
1222000.00
1698209.00
1680167.00
2264167.00
1791333.00
2186584.00
1725000.00
2384208.00
1523334.00
2228084.00
1735625.00
1737958.00
1729708.00
2091125.00
1651541.00
1599917.00
1835458.00
2482708.00
1795500.00
1635458.00
1841375.00
2144916.00
1811042.00
1700208.00
2170708.00
2155542.00
895458.00
2185250.00
1668292.00
2985250.00
1797458.00
1928292.00
1726917.00
1952709.00
994416.00
2401500.00
1488291.00
2235250.00
1990417.00
2184416.00
1918417.00
2468000.00
1741542.00
2243584.00
1575042.00
1980083.00
1691917.00
2347209.00
844583.00
2148041.00
1741916.00
2061209.00
1874500.00
2047875.00
1923000.00
2405083.00
2190709.00
2135208.00
1827792.00
2072334.00
2555542.00
2199625.00
1494917.00
2017125.00
1323625.00
2325292.00
801041.00
2220583.00
1860833.00
2359125.00
942417.00
2138792.00
1844166.00
1846459.00
1270958.00
2440959.00
973166.00
2827667.00
1504750.00
2129625.00
1800750.00
2349333.00
1748500.00
2127291.00
2673458.00
1605708.00
1896333.00
1967709.00
1895041.00
2334125.00
1555792.00
2094292.00
2239916.00
2443583.00
1952833.00
1940125.00
1931625.00
1853125.00
2698584.00
2246000.00
2373333.00
2340375.00
2468084.00
1944500.00
1665500.00
2277458.00
1650208.00
2253208.00
2432125.00
2343542.00
1151208.00
1987167.00
1715167.00
1726292.00
2718333.00
2370500.00
2648083.00
2206833.00
1725875.00
2449125.00
1875667.00
2426041.00
1634208.00
1622750.00
1536917.00
2232417.00
1869708.00
2678917.00
1249084.00
2716917.00
1161000.00
2129750.00
1192375.00
2440500.00
1774375.00
2457792.00
2357875.00
2136125.00
1183333.00
2324541.00
2599417.00
2332167.00
1629625.00
2497250.00
1946250.00
1936584.00
2184250.00
2236417.00
2770542.00
2211792.00
2350500.00
2427042.00
2129459.00
2413459.00
2159917.00
2191417.00
2395833.00
2111917.00
1948125.00
2094959.00
1795083.00
1677292.00
2638083.00
2273333.00
2442667.00
3137292.00
1295583.00
2508000.00
2246250.00
3582666.00
2128375.00
2751334.00
1757250.00
2001750.00
2175625.00
2276542.00
3024208.00
2352875.00
2484167.00
2632500.00
1034125.00
2243917.00
2082542.00
2308875.00
2675291.00
2021458.00
1706250.00
2331167.00
1726375.00
1950000.00
2081417.00
2179667.00
2382667.00
2504041.00
2187625.00
1891125.00
1493000.00
2314084.00
2018375.00
2367458.00
2341625.00
2383333.00
2425750.00
3163250.00
1958459.00
1975708.00
2635791.00
2426750.00
1098167.00
1688500.00
2633875.00
2564416.00
2743459.00
2040958.00
2382458.00
2575958.00
1146292.00
2299750.00
1608292.00
2225250.00
2013792.00
2168417.00
1076458.00
2662333.00
2472167.00
3042125.00
2864416.00
2505083.00
2182000.00
2525041.00
2146333.00
2167042.00
3679125.00
2440500.00
1923959.00
2602667.00
2607125.00
2726541.00
2200791.00
2272833.00
1403958.00
2826917.00
2895916.00
2503791.00
2600667.00
1804416.00
2750250.00
2551333.00
2529291.00
1845500.00
1780208.00
2655250.00
2792583.00
1998833.00
3455500.00
2389083.00
2263958.00
2439250.00
2720958.00
2772417.00
2301042.00
2232292.00
2660459.00
2258708.00
2760125.00
2586625.00
1322792.00
2197125.00
2272833.00
2886166.00
3011875.00
2709875.00
2160417.00
2719709.00
1417833.00
2723250.00
2406250.00
2178167.00
2397792.00
2521667.00
2627209.00
2698500.00
2597417.00
2325542.00
3178083.00
2447458.00
2496333.00
2648167.00
2903875.00
2439291.00
3042125.00
2506791.00
2206292.00
2442958.00
2197417.00
2383750.00
2074250.00
2514792.00
1844250.00
2275834.00
2235542.00
2683917.00
3191333.00
2590875.00
1485750.00
2770042.00
3104917.00
2631459.00
1614667.00
2739125.00
1668791.00
2548250.00
2420500.00
2317709.00
2123917.00
2771959.00
1415750.00
2346375.00
3499083.00
2476708.00
1189750.00
2440875.00
2161542.00
2846334.00
2696708.00
3483584.00
3265000.00
2629250.00
2934167.00
1839084.00
2562542.00
2425125.00
1648875.00
2662542.00
2459500.00
2455959.00
2311667.00
3109000.00
2400917.00
2672292.00
1766875.00
2441500.00
2010583.00
3165916.00
2252375.00
2288875.00
3157458.00
2694000.00
2475833.00
2372166.00
2474708.00
2610292.00
3113959.00
2617125.00
6399791.00
2811875.00
1910375.00
3015041.00
2478209.00
2803083.00
2396583.00
2528750.00
1707083.00
3566500.00
2574875.00
2451875.00
3077458.00
2444750.00
2861792.00
2524500.00
3223833.00
2646709.00
2009916.00
2563792.00
2743917.00
1869542.00
2810042.00
2924459.00
2544167.00
2559667.00
2539041.00
2952875.00
2645333.00
2931333.00
2696666.00
2971459.00
2505791.00
3297209.00
3871333.00
2580333.00
2509709.00
2734209.00
2486667.00
2542541.00
2898875.00
2827666.00
2756625.00
2547416.00
2727375.00
2832041.00
2745000.00
2586459.00
2525625.00
2942667.00
2526708.00
1983333.00
3047167.00
2813084.00
2552750.00
2814334.00
2800833.00
2059167.00
2766209.00
2806459.00
2987250.00
2789667.00
3032708.00
2060667.00
3057917.00
3089125.00
2787291.00
3239125.00
2385334.00
2023167.00
2835917.00
3061541.00
2799958.00
2911542.00
2758792.00
2668333.00
2766542.00
2813417.00
2786375.00
2713917.00
2742666.00
2985125.00
2199667.00
3109000.00
2649583.00
2955917.00
2184375.00
2917834.00
2836209.00
2836959.00
2780167.00
2964375.00
2539167.00
2988208.00
2602459.00
2831417.00
2918791.00
2646583.00
2820542.00
8670958.00
11142916.00
70220833.00
3006750.00
17324042.00
2545209.00
3020291.00
3215375.00
3049042.00
2608250.00
2245667.00
3191958.00
2184667.00
3325958.00
2713416.00
2749625.00
2921542.00
2743833.00
2961792.00
3686750.00
3113458.00
2251916.00
2847542.00
3103750.00
3184250.00
3268166.00
2303208.00
4064458.00
3742666.00
3055459.00
2916250.00
2909666.00
2824208.00
3042333.00
2982209.00
3187916.00
2877583.00
3038916.00
3043458.00
2748667.00
2257000.00
2337000.00
2943083.00
3201791.00
3018208.00
3117250.00
2646917.00
3718958.00
3512584.00
3208083.00
3295458.00
3638583.00
2344125.00
2761041.00
3115583.00
3120625.00
2559625.00
3032084.00
3115000.00
2529209.00
4130959.00
2646625.00
2984375.00
3683916.00
3229000.00
2999250.00
3205917.00
2210833.00
4025416.00
3153709.00
2326958.00
2660042.00
3149125.00
3269166.00
2726417.00
3599916.00
3189542.00
2948000.00
3252541.00
3070042.00
3759292.00
3487167.00
3101166.00
2600208.00
2967334.00
3460709.00
4062875.00
2880583.00
3253291.00
3406167.00
2338292.00
3203083.00
3585709.00
2663875.00
3383750.00
3651583.00
3209875.00
3416042.00
4130583.00
3111959.00
3176959.00
3030584.00
3107083.00
3319625.00
3465541.00
2912041.00
2500125.00
5168750.00
3461375.00
4196834.00
3101459.00
3314250.00
3338000.00
3044958.00
3430541.00
3437209.00
2944875.00
3048584.00
3198416.00
2937833.00
2900500.00
3229625.00
3146041.00
3128333.00
3412000.00
3270500.00
3284208.00
4323125.00
3434417.00
3303917.00
2975667.00
3010708.00
4457542.00
3799416.00
3259708.00
3861709.00
3236083.00
3701958.00
2903208.00
3418750.00
3250750.00
3591125.00
2873125.00
3500375.00
3199000.00
3283292.00
4210833.00
2915583.00
3812291.00
2964209.00
3176000.00
3780209.00
3410417.00
3454083.00
2486000.00
3301541.00
3553250.00
2955208.00
2607417.00
3634625.00
3462875.00
3645125.00
2927167.00
2857833.00
2651083.00
3465208.00
3525834.00
3415750.00
3384083.00
3381500.00
3628667.00
3356792.00
3948709.00
3387250.00
3562375.00
2581250.00
3663750.00
3742625.00
2982625.00
3673500.00
2468125.00
3639250.00
3495375.00
2808333.00
3271750.00
3571500.00
4071084.00
3453250.00
3679333.00
3402917.00
4578667.00
3406375.00
3708834.00
3821625.00
3307292.00
3994833.00
3206500.00
3989875.00
3306208.00
3384000.00
3367750.00
3683333.00
3294500.00
3665084.00
2840459.00
3563625.00
3570667.00
3602541.00
3747166.00
3874375.00
2598250.00
2677209.00
3867166.00
3049833.00
2730917.00
2786416.00
3561166.00
3550375.00
3603917.00
3975542.00
3749334.00
3224625.00
3579375.00
3599666.00
2589833.00
3877375.00
3418250.00
3823125.00
3559042.00
3698750.00
3658917.00
3344959.00
3805000.00
3383667.00
3700583.00
3621625.00
3502333.00
3582167.00
3745958.00
3677042.00
4477917.00
3525250.00
3966959.00
3336333.00
3704541.00
4482208.00
4047458.00
3624416.00
3777875.00
3705708.00
3723167.00
3717750.00
2743416.00
3710208.00
3725125.00
3580917.00
3344833.00
3512750.00
3996208.00
4429833.00
3659208.00
3711625.00
3134125.00
3902500.00
3576083.00
3703375.00
3747334.00
3756959.00
3761917.00
4862667.00
4128583.00
4437667.00
5083459.00
3665584.00
3603208.00
3610833.00
3792875.00
3925083.00
4391167.00
3231167.00
4557333.00
3688792.00
3740500.00
3360875.00
4490334.00
4105542.00
3904375.00
4119208.00
3320417.00
3618834.00
3726541.00
3861333.00
3669666.00
3580666.00
3193084.00
3709083.00
3490084.00
6065584.00
4148125.00
3709167.00
3444208.00
3614416.00
3927333.00
4079875.00
3860041.00
3490833.00
3660125.00
4631084.00
4645500.00
3911083.00
3654834.00
3662583.00
4085834.00
3745334.00
3870917.00
5112125.00
4159292.00
4017917.00
3917667.00
3625417.00
4960917.00
5737334.00
4066291.00
3761500.00
3640542.00
3709417.00
3914958.00
3943708.00
4205291.00
4022458.00
3620334.00
5482625.00
3973250.00
3954916.00
4032541.00
4042500.00
3053667.00
4133666.00
3789917.00
4163542.00
3039167.00
3932375.00
5470750.00
3561917.00
3833583.00
2827209.00
4548166.00
5064916.00
3813875.00
4022792.00
4313959.00
3924208.00
3847958.00
2930542.00
3968750.00
3722500.00
3707000.00
4571375.00
4335334.00
4157334.00
4025083.00
4131833.00
3754542.00
4028667.00
4171500.00
3988834.00
4066167.00
3941167.00
4724875.00
3849875.00
3829500.00
4134833.00
4933166.00
3890666.00
4051042.00
4013042.00
4072167.00
3942125.00
3690542.00
6536625.00
5518125.00
3921041.00
3963750.00
5456666.00
4128792.00
4287958.00
3298042.00
4003958.00
5160833.00
3457458.00
3751875.00
3913625.00
4148250.00
3810625.00
3983792.00
3869333.00
4324792.00
3912500.00
4305833.00
4156250.00
4023500.00
4329375.00
4131208.00
4018875.00
4007750.00
4028292.00
4384250.00
4053417.00
4519458.00
3902125.00
4138375.00
4132584.00
3885709.00
4610167.00
3867416.00
3953125.00
3499584.00
4460958.00
3769000.00
4151500.00
5571334.00
4295708.00
4206500.00
3409291.00
4535500.00
3950208.00
4095875.00
3933958.00
3320459.00
4871958.00
4238958.00
4683250.00
4006250.00
3975291.00
3962458.00
4194500.00
4313666.00
4093500.00
3808084.00
4554584.00
4139167.00
4729125.00
5460792.00
4068417.00
4235625.00
4037625.00
4609958.00
4210250.00
4210375.00
4187792.00
4098209.00
4353709.00
4126459.00
4085250.00
4226125.00
4867125.00
4263042.00
4429916.00
4325958.00
4435042.00
4495791.00
4470125.00
3927334.00
5048667.00
4563750.00
5307250.00
4194625.00
4356000.00
4266708.00
4492542.00
4433042.00
4156708.00
3583959.00
4140250.00
4164708.00
3387125.00
4538708.00
4585500.00
4049458.00
3468042.00
4285375.00
4348167.00
4085167.00
4318917.00
4391834.00
4296792.00
4771583.00
5113833.00
4707833.00
4416459.00
4605542.00
4612125.00
3844750.00
4251542.00
4595875.00
4329333.00
5470375.00
4477791.00
4416125.00
4593666.00
4353208.00
4532333.00
4181375.00
4537458.00
4415000.00
4078875.00
4486042.00
4096917.00
5453209.00
4293750.00
5160375.00
4275166.00
4339083.00
4549042.00
4776584.00
4365542.00
4338875.00
4800750.00
4251958.00
5456417.00
4479167.00
4069125.00
5553667.00
4362875.00
4817000.00
4577542.00
4104791.00
6445291.00
4281875.00
6211125.00
5120208.00
4813750.00
4116125.00
5749500.00
3931208.00
4144292.00
3823666.00
4751958.00
4775667.00
4490583.00
5051875.00
4156625.00
4320041.00
5814792.00
4584917.00
4364292.00
5237708.00
4737750.00
4770125.00
5632125.00
4962792.00
4245708.00
4705541.00
4405542.00
5585917.00
4807875.00
4935666.00
5522250.00
4480084.00
4380417.00
4523125.00
4969625.00
4511833.00
5478709.00
4502291.00
4686750.00
4655875.00
4107542.00
4457667.00
4628708.00
4486666.00
3999083.00
4895292.00
4576166.00
4250625.00
5842459.00
4813375.00
4005667.00
4789625.00
4762334.00
6208667.00
5750833.00
4802542.00
5287875.00
4994625.00
4634250.00
4409208.00
5139917.00
4788125.00
4949833.00
3947750.00
4967625.00
6459083.00
5033000.00
5093833.00
4278208.00
4720583.00
4630667.00
4968500.00
5905417.00
4685833.00
4175667.00
6319875.00
4325667.00
4312708.00
4363292.00
6053291.00
5399250.00
4930583.00
4897834.00
6264875.00
5528583.00
4435875.00
6215750.00
4714833.00
4939000.00
5156125.00
5545708.00
5535125.00
4928542.00
4010833.00
5077375.00
4738083.00
4514000.00
4570750.00
4857083.00
5015083.00
4477000.00
5032292.00
4207375.00
4337250.00
5037834.00
5096375.00
4733916.00
4824917.00
4632083.00
4966792.00
5245167.00
4645167.00
4783292.00
5015042.00
5083292.00
4565500.00
4954458.00
6912666.00
4519042.00
5692292.00
6435833.00
5073375.00
4903125.00
4995083.00
4881125.00
4413084.00
4872125.00
4530166.00
4853542.00
5882375.00
4724708.00
4828750.00
4852333.00
5208375.00
6320667.00
4770958.00
4939334.00
4530459.00
6710291.00
6168791.00
4649000.00
5061916.00
3942459.00
4945208.00
6406375.00
5606084.00
5310375.00
4728792.00
5948708.00
5896625.00
4822542.00
4844167.00
4956250.00
4535125.00
4177375.00
5526375.00
4989375.00
4350667.00
5918250.00
6589417.00
5380500.00
4568042.00
5074834.00
3659416.00
4603459.00
6158875.00
5179375.00
5076250.00
4532417.00
4794792.00
5202000.00
6357541.00
4836167.00
5742042.00
5785083.00
5324541.00
4835958.00
5050083.00
6543542.00
5501708.00
4765916.00
6116459.00
6629209.00
5889417.00
6028583.00
4928500.00
4477500.00
5128167.00
4930542.00
6024917.00
5706584.00
6146166.00
6832625.00
5295083.00
4874750.00
5333750.00
4987750.00
6152709.00
5070541.00
5296417.00
6755375.00
5412000.00
5461750.00
4298375.00
5144875.00
5104625.00
6898041.00
5582125.00
5203167.00
5324875.00
5360833.00
6332375.00
6360416.00
4764792.00
4869666.00
5034084.00
5408917.00
4955667.00
4671083.00
5028958.00
4955875.00
5165042.00
4903041.00
27942083.00
69981125.00
22609500.00
5196250.00
4243083.00
4834750.00
5567375.00
6050208.00
5140000.00
5248917.00
6455666.00
5391375.00
4970875.00
7272875.00
5080833.00
5013834.00
5220625.00
5394708.00
5679334.00
5462667.00
5226791.00
4862709.00
5115292.00
5280750.00
5328375.00
5184917.00
5355125.00
5142917.00
5159667.00
5315334.00
5517708.00
4831791.00
5350083.00
5215417.00
5203083.00
5251750.00
5240667.00
5212750.00
5001042.00
5148333.00
5163041.00
6193000.00
5014875.00
5785292.00
5528166.00
4959667.00
5241458.00
5134375.00
5913625.00
3972458.00
5823250.00
5298666.00
5330208.00
5182500.00
5189208.00
5095250.00
5296125.00
5336458.00
5285667.00
5475208.00
6191708.00
5610208.00
5029209.00
5491166.00
5381542.00
5408125.00
5177333.00
5087500.00
5805750.00
7357500.00
5373792.00
5525167.00
5286709.00
5180958.00
5962875.00
5171500.00
5275625.00
5047375.00
5346958.00
6097167.00
5411917.00
6475208.00
5043959.00
5136458.00
5428125.00
6994292.00
5017334.00
5167209.00
5004000.00
5254125.00
5535917.00
5141459.00
5373708.00
5442291.00
5415333.00
6497791.00
7916917.00
6427917.00
5504875.00
7229250.00
5283750.00
5475542.00
5340458.00
5525042.00
7830542.00
4508584.00
5393708.00
5517208.00
5243500.00
5405458.00
8325667.00
5340250.00
5060709.00
5191625.00
5179458.00
5303042.00
5576125.00
5545583.00
7859458.00
5593250.00
7117459.00
5636166.00
5001083.00
5405667.00
6631792.00
6241209.00
6152250.00
5020833.00
6364125.00
5466708.00
6245416.00
6912667.00
6277750.00
5516791.00
5352667.00
5678542.00
7224000.00
4868958.00
7470291.00
6546125.00
4785458.00
5532083.00
5749084.00
6139500.00
4771458.00
6960792.00
5097459.00
6256667.00
5351875.00
5751708.00
5163458.00
5846375.00
4921917.00
5919167.00
7535666.00
5748541.00
5306500.00
5798458.00
6103500.00
7189042.00
6803792.00
4951917.00
5379833.00
5376750.00
6512834.00
5412209.00
6811667.00
7003208.00
7677917.00
5012209.00
6950750.00
6224959.00
5021375.00
5031250.00
7697917.00
7047792.00
6665625.00
7759334.00
5722041.00
5440042.00
5040167.00
5770208.00
7342375.00
5945625.00
6045833.00
5134000.00
6509875.00
5848166.00
5785875.00
7056792.00
5592833.00
5330125.00
5617583.00
7550584.00
7227958.00
6217084.00
7179792.00
5713000.00
4879459.00
6432208.00
5896500.00
5941291.00
6496042.00
6530500.00
6086792.00
5865459.00
5547250.00
6197792.00
6035958.00
5595834.00
5687625.00
6187375.00
5280792.00
5120667.00
4497209.00
5229750.00
6568125.00
6782666.00
5852667.00
5616917.00
8582333.00
5878750.00
5941042.00
5775917.00
7475208.00
5758042.00
5809916.00
6155000.00
5688000.00
5511875.00
5836375.00
5413291.00
7382375.00
6899375.00
8512417.00
6090458.00
6329167.00
6029875.00
6587958.00
5595542.00
7175000.00
6938959.00
7113000.00
6074708.00
5950959.00
7264833.00
5964334.00
5990792.00
6646334.00
5869375.00
5876417.00
6783292.00
6068250.00
6484042.00
5420708.00
5554250.00
5910250.00
5936916.00
7986792.00
6209584.00
7434667.00
5823583.00
5805833.00
7117167.00
7951834.00
6133708.00
6295041.00
5229959.00
5901833.00
5900125.00
6052792.00
5830292.00
7248500.00
7536584.00
6194792.00
6313292.00
5639584.00
5998291.00
5684625.00
7594750.00
7280917.00
5522542.00
5998416.00
6942000.00
8700792.00
7304875.00
7059542.00
6109333.00
5745083.00
6150333.00
5398583.00
5479375.00
5627584.00
6866750.00
6007042.00
6036667.00
7026458.00
6021459.00
6272167.00
6082959.00
7401542.00
7814083.00
5842042.00
5646000.00
5757333.00
6122709.00
6745416.00
7704750.00
5988959.00
6817917.00
5984667.00
6639333.00
5988709.00
5838500.00
8319000.00
6278542.00
6504125.00
7071792.00
5944708.00
6355541.00
7116875.00
7951333.00
7174458.00
7116583.00
5741625.00
6829417.00
7634583.00
6277666.00
7376209.00
5173625.00
6770959.00
5997416.00
6145250.00
6650083.00
5986583.00
7793000.00
6223625.00
6186417.00
6220750.00
6115625.00
5233667.00
5830666.00
6046416.00
6356500.00
6070834.00
6383916.00
6475875.00
6583958.00
8383917.00
5768125.00
5902000.00
6410750.00
6395208.00
6457250.00
6105125.00
6207250.00
6079875.00
7027542.00
6176333.00
6293208.00
7247167.00
6219625.00
6475208.00
6512250.00
5909542.00
6102833.00
6293208.00
6223875.00
6308084.00
6765459.00
6240042.00
6391167.00
6070042.00
6193792.00
7320542.00
6270042.00
5664292.00
6024000.00
6489334.00
6673792.00
6812084.00
6202250.00
5787125.00
6072166.00
6536375.00
6561541.00
6563375.00
6208291.00
6891583.00
6078459.00
6264584.00
6742083.00
8671084.00
9668208.00
6498750.00
5931125.00
6667625.00
6472167.00
6723708.00
6800333.00
6701334.00
6730042.00
6917500.00
6129875.00
6437584.00
6461291.00
5103541.00
6493125.00
6447125.00
5912416.00
6339708.00
7253875.00
6251666.00
6589208.00
6771041.00
7403333.00
5963667.00
7806875.00
7343750.00
6539416.00
7482875.00
7963375.00
4625625.00
6268750.00
6650917.00
6344291.00
6879708.00
6423208.00
6133708.00
6919541.00
6384833.00
7613750.00
7593250.00
7408542.00
6388167.00
6856916.00
7874500.00
6330167.00
6887417.00
6774417.00
8103875.00
6729000.00
6691583.00
22896250.00
9047792.00
9115416.00
5644584.00
7350750.00
8267125.00
6906125.00
6398791.00
6044167.00
6576291.00
6930500.00
5064000.00
6998042.00
6918792.00
6616292.00
6448542.00
7357000.00
6356625.00
7093959.00
6746708.00
6837416.00
5676291.00
6908833.00
7213708.00
6549084.00
6189208.00
6519375.00
6220833.00
6667917.00
6339958.00
7310375.00
6114041.00
6755167.00
6662666.00
6813709.00
6522000.00
6455625.00
7894958.00
6606375.00
6899041.00
6641500.00
6877000.00
7052625.00
6887500.00
7025542.00
7383458.00
5185708.00
6753375.00
8156750.00
6444041.00
5973833.00
6464208.00
6944458.00
6925000.00
6479375.00
6929583.00
6725791.00
6778750.00
6613584.00
6551292.00
7125625.00
6882333.00
6829625.00
6792750.00
6672250.00
7716958.00
6740917.00
6502875.00
7037791.00
6390458.00
6699375.00
5946292.00
7391666.00
7146542.00
6562458.00
7005375.00
5884583.00
7107000.00
7121500.00
9070750.00
6499208.00
6885333.00
6736083.00
6764583.00
7016791.00
6768292.00
6157167.00
6855708.00
7015833.00
6674291.00
7820542.00
6466084.00
7348584.00
7189291.00
6916834.00
5800958.00
6899375.00
6432250.00
6893916.00
6591125.00
6334042.00
6987708.00
7838875.00
8080625.00
6741750.00
7204709.00
7610417.00
6089250.00
8412167.00
8092791.00
6332209.00
6304333.00
6838833.00
6961834.00
6802167.00
7036875.00
8462083.00
7285416.00
7256917.00
6814167.00
5837333.00
8542500.00
9434917.00
7219000.00
6736958.00
8795084.00
13328625.00
6082333.00
6569917.00
9194583.00
33243500.00
25384375.00
528732167.00
7201167.00
6818375.00
7685291.00
13654375.00
8515167.00
6795666.00
7392833.00
7645417.00
7214667.00
6767792.00
7311458.00
7250625.00
8072917.00
7018625.00
7802916.00
7095750.00
6787084.00
8165500.00
8829208.00
8128958.00
9409959.00
16687666.00
11483625.00
8198208.00
8147666.00
7863667.00
8377125.00
7336125.00
6942542.00
7773625.00
23817459.00
27965709.00
7306417.00
6335875.00
8294166.00
9838458.00
7134542.00
7449917.00
8483875.00
7025416.00
7081417.00
7633000.00
7284375.00
7863416.00
7347375.00
7249666.00
7029709.00
6958875.00
8766000.00
7052541.00
7904875.00
7079333.00
7371584.00
7491417.00
7555500.00
7572125.00
7191125.00
7216583.00
Throughput: 98.93 ops/sec
Throughput: 0.00 ops/sec
Latency Measurements (ns):
8498417.00
Latency Measurements (ns):
9187041.00
6354166.00
10205750.00
6994167.00
Throughput: 0.00 ops/sec
Latency Measurements (ns):
7685625.00
7239500.00
Throughput: 0.00 ops/sec
8606166.00
Latency Measurements (ns):
8815208.00
7471042.00
7506875.00
7182583.00
7248333.00
6974542.00
7774208.00
10338125.00
7156125.00
7064458.00
7556834.00
6803250.00
7277958.00
8715959.00
17475250.00
10743625.00
5827417.00
9095375.00
7860250.00
9051459.00
7649542.00
6929625.00
6862625.00
Throughput: 0.00 ops/sec
8635084.00
Throughput: 0.00 ops/sec
Latency Measurements (ns):
9176500.00
Latency Measurements (ns):
7034041.00
Throughput: 0.00 ops/sec
7636917.00
Latency Measurements (ns):
7414041.00
8583750.00
Throughput: 19.47 ops/sec
Latency Measurements (ns):
3048125.00
7203958.00
2593792.00
7781167.00
2769458.00
7282291.00
2580416.00
8311666.00
2361208.00
7474875.00
1883709.00
6602625.00
4171500.00
Throughput: 0.00 ops/sec
7048084.00
3148208.00
7469750.00
2300916.00
7634375.00
4535792.00
8937584.00
9954417.00
Latency Measurements (ns):
2992875.00
7440375.00
2325750.00
10249333.00
2223000.00
7143916.00
2659708.00
7602250.00
3452667.00
8611291.00
3501583.00
9784750.00
2813750.00
7553666.00
3146000.00
9502667.00
2667542.00
6381458.00
3697833.00
6423416.00
3754875.00
9754958.00
3630375.00
7661958.00
4045958.00
9397833.00
2053875.00
7600416.00
3732625.00
7799750.00
2937458.00
8774291.00
3536042.00
7146584.00
2569042.00
7607000.00
3302208.00
9838917.00
2682333.00
10462958.00
3394709.00
9379542.00
2765208.00
7617042.00
2442625.00
8463584.00
3114250.00
8486042.00
2934208.00
8551375.00
3084167.00
7432000.00
3159333.00
7409584.00
13484208.00
7113250.00
2705500.00
8925750.00
2531583.00
9904334.00
3612417.00
8639000.00
2830792.00
7940666.00
2677334.00
6041292.00
1514916.00
7451542.00
3390250.00
9042083.00
2795667.00
7605250.00
2747459.00
7813417.00
2142833.00
7449709.00
10556708.00
7105208.00
1760250.00
7451083.00
2807125.00
7422333.00
1769125.00
7650709.00
3490834.00
7686625.00
2714584.00
8321792.00
2739208.00
7312208.00
4370875.00
9880458.00
4162916.00
11545833.00
3980625.00
7661667.00
3439458.00
7489000.00
4144041.00
7633416.00
2787083.00
10148125.00
3261084.00
8958375.00
2108375.00
7375792.00
3257333.00
7486500.00
2909458.00
7964333.00
3462125.00
9944958.00
2398209.00
8313917.00
7816750.00
7864542.00
7592583.00
7428916.00
7523167.00
2512250.00
7578042.00
8732667.00
4251209.00
8058708.00
3226917.00
7599584.00
2626375.00
8203167.00
2912458.00
7426208.00
1594250.00
7878166.00
5238542.00
7085458.00
4267916.00
7626709.00
3557542.00
7296500.00
4153667.00
8995750.00
3941167.00
7675708.00
3451542.00
8488875.00
2339791.00
9012375.00
3409708.00
7580708.00
3357542.00
6879708.00
3149500.00
9183042.00
3475875.00
7025083.00
1849667.00
8137917.00
3533250.00
8679959.00
4096000.00
8417458.00
3092667.00
7833875.00
4292333.00
7323917.00
2302541.00
9877833.00
3850667.00
7430875.00
2438209.00
7057958.00
3502250.00
6759917.00
1837084.00
10990416.00
3722042.00
7015583.00
3469292.00
7750292.00
3530583.00
8193792.00
4104417.00
8553708.00
2509125.00
7083583.00
3371208.00
7761583.00
2802291.00
9515084.00
2716792.00
7582250.00
4364916.00
9675625.00
3244000.00
9300459.00
2888000.00
8585917.00
3571042.00
7671250.00
3095542.00
7750041.00
1981084.00
7980916.00
2857125.00
8974875.00
4357292.00
7582333.00
4047042.00
7746458.00
2610208.00
7862875.00
2814875.00
1590917.00
4030041.00
3056750.00
3508291.00
3895458.00
7936042.00
1852791.00
6141416.00
3256208.00
7338042.00
4609875.00
9814500.00
3672750.00
9124875.00
3406458.00
7530334.00
2782458.00
7188458.00
4606833.00
7534042.00
3276709.00
8252417.00
4310250.00
9688625.00
5005167.00
7527458.00
4307333.00
9213750.00
3650916.00
7709334.00
3759416.00
9082417.00
1950667.00
8442958.00
2892000.00
6879875.00
2799875.00
10517709.00
1995959.00
7694458.00
4236167.00
10024291.00
2995583.00
7507000.00
2972500.00
6956166.00
4178791.00
8806583.00
3810625.00
7762208.00
3936125.00
7533250.00
4770000.00
8050792.00
4625417.00
8760000.00
3389417.00
10343417.00
3975542.00
3696750.00
3914458.00
3079458.00
7929917.00
3635042.00
8065750.00
3614208.00
7917625.00
4568625.00
9585959.00
6159500.00
9347625.00
3283458.00
8032334.00
3831750.00
9639666.00
8910000.00
7483875.00
9577000.00
6972333.00
10649000.00
70635083.00
8900750.00
17488958.00
9860833.00
8297917.00
9443250.00
9050833.00
9375958.00
11126584.00
10375959.00
7852750.00
8229084.00
8610542.00
9174125.00
9975292.00
8293042.00
8153834.00
8754166.00
9416792.00
7701833.00
8237750.00
9097667.00
7406125.00
6831250.00
10128291.00
9741500.00
7615750.00
8092084.00
7511417.00
10633667.00
8215125.00
9651667.00
8955875.00
8398125.00
8485958.00
9211167.00
7796416.00
7768375.00
7954208.00
7966458.00
8031708.00
9483125.00
8263250.00
8400333.00
8733875.00
7992417.00
9330791.00
9134666.00
10486709.00
8176709.00
7921709.00
7553208.00
10277084.00
7819667.00
9356375.00
8675500.00
9853125.00
9633125.00
8621833.00
8088250.00
7964083.00
8135208.00
7800583.00
9881583.00
13188333.00
8301625.00
8270458.00
8144709.00
9174666.00
8558708.00
9392083.00
8183708.00
9239625.00
8057375.00
8161792.00
8033041.00
10572042.00
11899042.00
8450416.00
9496417.00
8734584.00
7945000.00
7523250.00
8281083.00
7987834.00
10024084.00
8535375.00
9284042.00
7192875.00
9293417.00
9699750.00
9817875.00
9633417.00
7447000.00
8205250.00
8229458.00
8360625.00
8378959.00
7453542.00
8569667.00
8215208.00
8140208.00
7935417.00
6897250.00
8030208.00
10009167.00
10280375.00
9797791.00
9643042.00
10140625.00
8180291.00
9875375.00
10487500.00
8270916.00
8265583.00
8132250.00
8127917.00
8029917.00
8679833.00
8888959.00
7509250.00
8167709.00
8499625.00
9241250.00
9162625.00
8426541.00
8698416.00
8620458.00
8578208.00
11840750.00
9047375.00
7536583.00
8454208.00
9242584.00
8375917.00
9907500.00
8912833.00
9783083.00
9751375.00
8531250.00
8467208.00
8333041.00
7711042.00
10176208.00
8823708.00
8355833.00
8783917.00
8351791.00
8339667.00
8507542.00
11030500.00
10506084.00
8681084.00
8273292.00
9107375.00
8280250.00
8520208.00
8532625.00
8697166.00
11271750.00
8893125.00
9610083.00
8123750.00
8309042.00
9203208.00
8282709.00
8082500.00
7868083.00
8655500.00
12192458.00
8052708.00
8260250.00
7869792.00
8592500.00
7513667.00
8697042.00
8085000.00
8383417.00
9861208.00
9773875.00
9734583.00
10840792.00
8755125.00
8503292.00
8557792.00
8404125.00
8159500.00
8595459.00
8983875.00
8513166.00
8586709.00
8176541.00
8694458.00
10428542.00
7912292.00
8101791.00
9997583.00
10052875.00
9116750.00
8340750.00
8323709.00
8735250.00
8857250.00
6681792.00
9472750.00
8678416.00
10975166.00
8567709.00
9908250.00
8881792.00
9507125.00
9266333.00
8051458.00
9364125.00
10289709.00
8069750.00
11343792.00
9305375.00
8658750.00
11094375.00
7835042.00
8398584.00
9133458.00
9184584.00
10042292.00
8802959.00
8775250.00
8686500.00
11170042.00
10678792.00
10865666.00
8575000.00
7906125.00
8816167.00
9405958.00
8441750.00
9009542.00
9940459.00
8663833.00
10218875.00
9968917.00
9645459.00
8676458.00
8639167.00
10376834.00
10567333.00
10578458.00
8628459.00
8589541.00
8261125.00
11209500.00
7663500.00
9117291.00
8589333.00
10475500.00
8475625.00
10558250.00
8335000.00
11180667.00
8990000.00
8825875.00
10601958.00
10240167.00
9200250.00
8930791.00
11829333.00
8842875.00
9001125.00
8377458.00
9166500.00
9755834.00
9186417.00
8832208.00
8937333.00
8799708.00
8611917.00
8541458.00
11436625.00
8987459.00
10672125.00
9178500.00
10126417.00
8507167.00
10636125.00
10386666.00
8366333.00
9358417.00
10605292.00
10944459.00
8789250.00
9013750.00
9181584.00
8756500.00
8424250.00
7880083.00
10818958.00
9163542.00
7967875.00
11325792.00
8789625.00
10359625.00
7824084.00
9076750.00
9299792.00
9761625.00
9258375.00
9293834.00
9043791.00
9238584.00
9092000.00
8756459.00
10645625.00
7764916.00
10691458.00
8773125.00
10017667.00
9027125.00
30730833.00
8829083.00
9157125.00
9754667.00
7858667.00
12324500.00
9073333.00
9633042.00
9482625.00
11041333.00
8976583.00
10948250.00
9292958.00
11032791.00
9483042.00
11520875.00
9234416.00
9766875.00
10319625.00
8989291.00
11290667.00
9127083.00
8946667.00
9049250.00
8713958.00
9574375.00
8801708.00
12757041.00
9120250.00
11207125.00
11065958.00
9924167.00
9224708.00
9204958.00
9282500.00
10751500.00
9205791.00
10192458.00
9310708.00
8914417.00
9612917.00
9103625.00
9105375.00
11261667.00
8608834.00
9229375.00
10515125.00
9538875.00
9340292.00
11589209.00
10474750.00
9555166.00
10150500.00
7952375.00
10771833.00
11758584.00
10853041.00
9598125.00
9200375.00
11048250.00
9461041.00
9954417.00
12007917.00
9036541.00
10393000.00
9170166.00
10940625.00
9067083.00
11999041.00
10586000.00
11645666.00
9088667.00
10545208.00
8670708.00
9779792.00
8299750.00
9334958.00
9188833.00
11778542.00
11088625.00
10926625.00
9443667.00
9632625.00
8862625.00
8825083.00
8943792.00
9074125.00
8435541.00
9198042.00
9018917.00
9829250.00
12346417.00
8747791.00
11537750.00
7677583.00
8921750.00
9796875.00
9286125.00
9127542.00
9299667.00
7827791.00
10065667.00
11585916.00
9253041.00
10034208.00
8047000.00
8385792.00
8707125.00
9035167.00
11168334.00
9478208.00
9506208.00
9283375.00
8182250.00
8581792.00
12184375.00
11327833.00
9426959.00
9601375.00
9217000.00
11345417.00
8945417.00
9879125.00
9473958.00
9751833.00
9473583.00
11645584.00
12064208.00
9880291.00
9533000.00
11688833.00
12579916.00
9313542.00
11135125.00
9165959.00
9190667.00
10807917.00
9350959.00
11400083.00
9477833.00
11293042.00
9769166.00
11764292.00
8890417.00
9557416.00
7906792.00
9598291.00
12091042.00
10588917.00
9128750.00
11116500.00
9606000.00
10518209.00
11074750.00
11481375.00
11103958.00
11252834.00
11512917.00
11249500.00
9103000.00
9450458.00
11331959.00
9671208.00
9484875.00
9752042.00
9757709.00
13166833.00
7093500.00
10141209.00
11348750.00
12407208.00
11147334.00
11990750.00
11681458.00
9150042.00
11515792.00
9573583.00
8732416.00
8785541.00
11671875.00
8946916.00
9509125.00
10999375.00
10517667.00
10920417.00
11389667.00
9676500.00
8364250.00
9704500.00
11921083.00
9618917.00
9799292.00
8608417.00
10494208.00
9048208.00
10088584.00
10238375.00
9246792.00
9182042.00
9495417.00
11598584.00
9719333.00
10832333.00
11207083.00
9282042.00
9570042.00
12329750.00
11011667.00
9736459.00
11875333.00
9469250.00
9392959.00
9505792.00
9084833.00
9739709.00
10818750.00
10499750.00
9600084.00
9856416.00
11413500.00
11334917.00
9544708.00
12853500.00
9523708.00
11800583.00
10406792.00
9473917.00
11577625.00
9595458.00
11436250.00
11386792.00
10973459.00
10181333.00
10580125.00
14310041.00
10310417.00
9743666.00
11609292.00
11455125.00
8916917.00
11341542.00
12438417.00
11283667.00
8663875.00
9919833.00
11228917.00
11986125.00
11551083.00
12896292.00
12237500.00
11689958.00
12953709.00
10032958.00
9400958.00
10227000.00
9946750.00
9717458.00
11575375.00
8469417.00
11516375.00
11567459.00
11868333.00
9496709.00
9865875.00
13853250.00
11534250.00
12116375.00
11717833.00
11521333.00
9784958.00
10669292.00
9883709.00
12421542.00
10010709.00
9381917.00
11404792.00
11247833.00
12629042.00
9942459.00
10149833.00
9626708.00
12436750.00
10692125.00
10007750.00
10927166.00
10410209.00
10331042.00
9954208.00
8863625.00
11603708.00
9619375.00
12002416.00
Throughput: 0.00 ops/sec
Latency Measurements (ns):
Throughput: 0.00 ops/sec
Latency Measurements (ns):
Throughput: 0.00 ops/sec
Latency Measurements (ns):
Throughput: 15.67 ops/sec
Latency Measurements (ns):
4442042.00
3047416.00
4847334.00
3662833.00
3612083.00
4784042.00
3573375.00
3753667.00
4857000.00
3569750.00
3734500.00
5663667.00
3783000.00
Throughput: 0.00 ops/sec
3930083.00
Latency Measurements (ns):
3880250.00
4498583.00
2851333.00
3524541.00
3994750.00
4466666.00
5221750.00
5218208.00
Throughput: 78.22 ops/sec
2596542.00
Latency Measurements (ns):
3648250.00
12029625.00
4073667.00
11349709.00
3029792.00
9817916.00
4740959.00
10134167.00
5366500.00
11845834.00
5207208.00
12755333.00
4037583.00
7437708.00
2325709.00
10369000.00
3750208.00
12060875.00
4118250.00
11418750.00
1863041.00
7761625.00
3245250.00
10287625.00
4980792.00
10216375.00
4081500.00
11476500.00
3651584.00
11439375.00
3866667.00
9956709.00
5053417.00
12200375.00
2418083.00
12755375.00
4896167.00
10065042.00
4625000.00
11903375.00
3795167.00
10347750.00
2994542.00
10131875.00
4316833.00
12840417.00
4040500.00
11126875.00
4612250.00
12455459.00
4947000.00
10013541.00
4855958.00
10267208.00
4480125.00
10096416.00
3324583.00
10258541.00
4028208.00
11987125.00
2486834.00
11453667.00
3451000.00
12144417.00
5471666.00
9764291.00
5440584.00
10270375.00
5925083.00
10076459.00
5003583.00
10347958.00
5055125.00
10265667.00
3763625.00
9742000.00
2709041.00
10512666.00
3986625.00
12010500.00
3932666.00
10228500.00
5232250.00
10806875.00
4336417.00
12760791.00
4547750.00
11524209.00
2209166.00
12035250.00
4681708.00
9475291.00
4486709.00
12115750.00
3859709.00
13531209.00
4458959.00
11265125.00
5515708.00
12265083.00
7555541.00
13245792.00
3565625.00
11817917.00
4044875.00
11912166.00
2365708.00
10866292.00
3801458.00
12048959.00
3215292.00
9812625.00
5104958.00
12125875.00
3878583.00
11178625.00
3629333.00
9821417.00
2298875.00
10526667.00
3724750.00
12008167.00
5327542.00
10348416.00
5431750.00
12710875.00
4372375.00
10821000.00
2318083.00
9907708.00
4213417.00
11085667.00
2878375.00
12360625.00
4430167.00
10691125.00
5497833.00
13845042.00
3633625.00
12714750.00
4392875.00
9181541.00
3933625.00
12169500.00
2636125.00
12586583.00
5543125.00
9984833.00
4346833.00
11211542.00
4749458.00
10268709.00
4340750.00
10960166.00
5446458.00
10147291.00
3785916.00
11994334.00
4091292.00
16923292.00
3949292.00
10012708.00
5761708.00
10353833.00
2901792.00
12164917.00
2768166.00
12584750.00
3258708.00
13450833.00
4786750.00
10637750.00
3672292.00
12113375.00
4002584.00
10138542.00
4134083.00
12589917.00
5721416.00
11556917.00
4208209.00
12474542.00
4270208.00
9340583.00
4169208.00
13846417.00
3796583.00
10275167.00
2204250.00
10754125.00
2114875.00
10274041.00
4828625.00
10371042.00
6381708.00
10801667.00
10672541.00
11103750.00
11559500.00
12155833.00
12185792.00
10811291.00
12884917.00
10304667.00
9762417.00
12766542.00
10570209.00
12114750.00
10315625.00
Throughput: 0.00 ops/sec
10479459.00
Latency Measurements (ns):
10045125.00
10839416.00
10756833.00
10391166.00
12204000.00
10854958.00
10183167.00
10296292.00
10220166.00
11096375.00
11704333.00
12568541.00
12373500.00
10408167.00
11074250.00
12126083.00
9500333.00
11276041.00
9797334.00
9894500.00
10723250.00
12367459.00
11578459.00
13890875.00
10981375.00
9389750.00
10650833.00
11134917.00
10557417.00
13338875.00
13416166.00
10137750.00
9000667.00
Throughput: 0.00 ops/sec
10678875.00
Latency Measurements (ns):
13024167.00
10909541.00
8810667.00
10791792.00
12121042.00
10329042.00
11027083.00
13676583.00
11915917.00
12471541.00
10518917.00
10277083.00
11209584.00
12254666.00
11455458.00
11061875.00
10937917.00
10494792.00
10560042.00
16301875.00
9071833.00
10989792.00
11376375.00
10680292.00
10833125.00
10842292.00
13231916.00
12539958.00
13903667.00
10265417.00
11335500.00
13448792.00
12035417.00
10680125.00
11037458.00
10396917.00
13489708.00
13262584.00
13146500.00
12986708.00
10988416.00
11091917.00
13321917.00
11410708.00
11297792.00
9837500.00
10346000.00
12222792.00
11218416.00
12894959.00
10287000.00
11168209.00
12278625.00
14521292.00
12904500.00
10216459.00
10895084.00
11030875.00
11051875.00
10651041.00
10426250.00
11100542.00
10871625.00
13154250.00
10838166.00
13721375.00
12903750.00
12996042.00
12630084.00
10581208.00
11706792.00
10985875.00
11369292.00
12920958.00
10387833.00
11559083.00
10716667.00
9999166.00
10754042.00
11127667.00
11726375.00
10645791.00
10836125.00
10837833.00
12462625.00
10186083.00
11303750.00
10903959.00
10585917.00
12616250.00
12774917.00
9173333.00
11021708.00
11035834.00
10513625.00
11164666.00
10873125.00
11534083.00
11176959.00
11229125.00
13192250.00
13489750.00
15088000.00
11244791.00
11549041.00
11002084.00
13981625.00
10877083.00
11134791.00
11378583.00
9675125.00
11071459.00
13668209.00
12248917.00
9336209.00
11153917.00
11006375.00
11218125.00
11611375.00
11320416.00
11509750.00
10483166.00
11286500.00
11170958.00
11062375.00
11176542.00
10284125.00
11545916.00
15180875.00
13009750.00
9865375.00
11240292.00
11284209.00
10487083.00
12527500.00
10854542.00
12996833.00
13640458.00
13788458.00
10846750.00
11158584.00
15882542.00
13212167.00
12514417.00
13313417.00
10203500.00
9472667.00
13347500.00
12667667.00
11200000.00
14261542.00
11806625.00
16644083.00
31855583.00
11293625.00
12498542.00
13188084.00
14534917.00
13566375.00
11755958.00
12432958.00
12899416.00
11724917.00
10976167.00
10638625.00
14392000.00
11136459.00
13087750.00
13369125.00
13571750.00
13737125.00
12113958.00
10769917.00
13464459.00
10784250.00
11395583.00
13904834.00
10872583.00
17309833.00
14543959.00
13133458.00
11051625.00
9978666.00
17619750.00
13760417.00
14007750.00
16403708.00
14859208.00
11482167.00
11694125.00
14487208.00
14910583.00
13682458.00
13149458.00
17340375.00
14032042.00
12937792.00
9894125.00
15809542.00
12001291.00
13015334.00
11197750.00
11773167.00
12429958.00
11258458.00
11634416.00
12607166.00
11618208.00
12671917.00
13116291.00
11494042.00
11984500.00
13268916.00
11339708.00
10945667.00
13361458.00
10580708.00
12615583.00
11883750.00
11660125.00
11495291.00
11234250.00
11898084.00
11257333.00
13868125.00
11568417.00
14160875.00
13588584.00
10800917.00
12053250.00
12085750.00
13892041.00
15592166.00
11948000.00
11160291.00
13270209.00
14518625.00
13010542.00
11926917.00
13669417.00
13698667.00
11329166.00
13999792.00
12769208.00
14923667.00
13260541.00
11497208.00
11921250.00
11911375.00
11880084.00
12036959.00
11172459.00
12412000.00
11971042.00
11650584.00
12804500.00
11480667.00
11105583.00
13981375.00
14196583.00
11489916.00
13461083.00
11970583.00
13365708.00
14166791.00
11915334.00
10084708.00
11565500.00
10938459.00
11861417.00
13258875.00
11731416.00
13607000.00
11618041.00
14210792.00
12137292.00
11859250.00
10041917.00
12554250.00
14359583.00
13321750.00
12100584.00
13219667.00
14043041.00
11773667.00
11402000.00
14411833.00
11374208.00
14296917.00
17113000.00
10127000.00
13700333.00
14176667.00
13994709.00
14870292.00
13988875.00
11863958.00
13261834.00
14867750.00
10532042.00
10096917.00
12806708.00
14155333.00
14173459.00
15937708.00
13673000.00
11350709.00
13491042.00
14093292.00
13882542.00
11480750.00
13545125.00
11310875.00
15042875.00
31181417.00
18449459.00
14316958.00
11659834.00
10824500.00
13523458.00
14160375.00
12836750.00
13856541.00
14072250.00
16839125.00
12592875.00
11619833.00
14030917.00
13049125.00
16423083.00
13926125.00
14790708.00
14098250.00
14113084.00
12558417.00
11141250.00
12106000.00
12107916.00
13317208.00
13786084.00
13151291.00
14380500.00
12673834.00
12235125.00
15211500.00
10346250.00
14163125.00
12386250.00
12699916.00
11690417.00
12710625.00
15949584.00
13689041.00
11397042.00
13573542.00
13485292.00
13658417.00
14049333.00
12142666.00
12043583.00
13293459.00
12314459.00
15183375.00
12226334.00
13739041.00
14429166.00
13828666.00
14021625.00
16136625.00
32387209.00
23479083.00
13164417.00
13546792.00
14239166.00
12307792.00
12488625.00
12301000.00
14211084.00
14461917.00
13615875.00
14335292.00
13714583.00
11828625.00
12854875.00
17371500.00
13228792.00
20248750.00
12604542.00
13298084.00
15457875.00
14477500.00
13399166.00
14872042.00
13966250.00
16698666.00
11465833.00
14722208.00
14809542.00
14738084.00
13538792.00
11249209.00
13931125.00
13822875.00
14275917.00
11240125.00
13460042.00
Throughput: 0.00 ops/sec
Latency Measurements (ns):
