Throughput: 0.00 ops/sec
Latency Measurements (ns):
Throughput: 0.00 ops/sec
Latency Measurements (ns):
Throughput: 0.00 ops/sec
Latency Measurements (ns):
Throughput: 0.00 ops/sec
Latency Measurements (ns):
Throughput: 0.00 ops/sec
Latency Measurements (ns):
Throughput: 0.00 ops/sec
Latency Measurements (ns):
Throughput: 0.00 ops/sec
Latency Measurements (ns):
Throughput: 0.00 ops/sec
Latency Measurements (ns):
Throughput: 217.65 ops/sec
Latency Measurements (ns):
633583.00
876334.00
1155041.00
1543416.00
2169583.00
2661792.00
1370417.00
762250.00
656875.00
558333.00
610791.00
545166.00
493708.00
408875.00
888458.00
1304708.00
937167.00
834208.00
694833.00
500125.00
730458.00
595500.00
722625.00
711417.00
642333.00
646750.00
659709.00
604084.00
587042.00
619291.00
719708.00
607792.00
595250.00
546958.00
694292.00
337334.00
636833.00
588041.00
456042.00
300209.00
600083.00
580667.00
552458.00
552334.00
511625.00
558917.00
527666.00
559167.00
575333.00
567042.00
570917.00
260875.00
596292.00
556834.00
737834.00
434166.00
525292.00
633625.00
581375.00
677833.00
473250.00
679333.00
636000.00
427292.00
885083.00
798292.00
313166.00
659875.00
743875.00
419667.00
737250.00
627250.00
646167.00
572458.00
563958.00
644625.00
741917.00
521958.00
613375.00
586708.00
421208.00
559250.00
735375.00
698542.00
845625.00
575333.00
649000.00
557791.00
944000.00
637959.00
542542.00
617875.00
616833.00
666625.00
526042.00
579709.00
758250.00
637709.00
708166.00
729958.00
1045959.00
900458.00
794500.00
647542.00
795584.00
820250.00
629958.00
614333.00
720958.00
610292.00
655542.00
586125.00
618666.00
617625.00
695458.00
616625.00
500417.00
676750.00
752792.00
729208.00
646791.00
811709.00
777834.00
804541.00
1025125.00
795666.00
648542.00
855459.00
712708.00
701833.00
940334.00
632917.00
655000.00
647750.00
775875.00
817459.00
761333.00
615167.00
738292.00
989584.00
1069375.00
648875.00
701375.00
673791.00
648584.00
776500.00
984542.00
875500.00
850708.00
676125.00
735458.00
664500.00
785125.00
735250.00
844500.00
692708.00
949833.00
928125.00
964958.00
831666.00
728833.00
680250.00
1023875.00
736750.00
820500.00
772167.00
743791.00
816375.00
990542.00
803375.00
711583.00
713250.00
830792.00
1062209.00
781500.00
940125.00
968417.00
1054708.00
991292.00
1142042.00
733375.00
756625.00
908250.00
1023625.00
872542.00
832125.00
1059209.00
771375.00
1020166.00
871542.00
772792.00
716208.00
1174583.00
1166667.00
858334.00
994583.00
1121000.00
1066625.00
1179000.00
1136625.00
1098625.00
645041.00
779375.00
931084.00
1462875.00
1248791.00
1103166.00
1071833.00
1074208.00
914125.00
1070250.00
984458.00
855917.00
766417.00
970250.00
811750.00
1017625.00
1157917.00
1211375.00
803209.00
1286500.00
1606542.00
908167.00
1148125.00
965750.00
749875.00
856250.00
977792.00
1173167.00
1096583.00
1036958.00
836625.00
909708.00
831750.00
840583.00
846417.00
1221417.00
1204875.00
1045625.00
998334.00
1197417.00
1233209.00
880375.00
1270541.00
1169833.00
1052084.00
1055333.00
1142416.00
1313333.00
924875.00
777167.00
1152541.00
956209.00
1154875.00
1297333.00
1115458.00
879375.00
1083500.00
1378459.00
1076500.00
1187417.00
1415417.00
961875.00
1002958.00
1289750.00
1338250.00
1078500.00
890209.00
1154333.00
1161750.00
1069917.00
1245208.00
1057000.00
1043667.00
1210417.00
1303875.00
1138375.00
1212834.00
966375.00
1139625.00
1162625.00
1260250.00
1137209.00
1198333.00
1241583.00
986333.00
1044292.00
851708.00
993500.00
985500.00
1221458.00
954708.00
1142541.00
1181625.00
1394333.00
1022958.00
1205500.00
1259208.00
1038083.00
1344917.00
916333.00
1040416.00
1129416.00
1095250.00
1280125.00
1655875.00
1252709.00
981167.00
961417.00
1245917.00
962167.00
1384209.00
858500.00
1260083.00
1186958.00
1059584.00
1251708.00
1257083.00
1223917.00
1226709.00
1318834.00
923792.00
961167.00
1370417.00
1392833.00
1115584.00
1396791.00
994792.00
1307666.00
1224875.00
1193542.00
1407458.00
1325542.00
1277541.00
986875.00
1285708.00
1356958.00
1331000.00
1463417.00
1084125.00
1248292.00
1372208.00
1186750.00
1466208.00
889500.00
943416.00
1415750.00
1231084.00
1510958.00
1190500.00
1111791.00
1078000.00
1121417.00
1079708.00
1324083.00
1298042.00
1536708.00
1179708.00
1066041.00
1408416.00
1174792.00
1566500.00
1386042.00
1570708.00
1094833.00
1498750.00
1542125.00
1167667.00
1662792.00
1260500.00
1266583.00
1453542.00
1349542.00
1331417.00
1529708.00
1337250.00
1499000.00
1288083.00
1040791.00
1478291.00
1364208.00
1404250.00
1640833.00
1430916.00
1640375.00
1479625.00
1591459.00
1569708.00
1907958.00
2071042.00
1994500.00
1720542.00
1411167.00
1637083.00
1645458.00
1538334.00
1469292.00
1307541.00
1467958.00
1529750.00
1201542.00
1812750.00
1397625.00
1352500.00
1531750.00
1332833.00
1462000.00
1419583.00
1361625.00
1352083.00
1206667.00
1449167.00
1777666.00
1327167.00
1737000.00
1425667.00
1435709.00
1379875.00
1543958.00
1889500.00
1304875.00
1454667.00
1494167.00
1319875.00
1322458.00
1343250.00
1610458.00
1389167.00
1416750.00
1275584.00
1612625.00
1878375.00
1405125.00
1286583.00
1476834.00
1553250.00
1306291.00
1470292.00
1453083.00
1339500.00
1669166.00
1186667.00
1247000.00
1398500.00
1501750.00
1267292.00
1653500.00
1483167.00
1793000.00
1919666.00
1565958.00
1595000.00
1337583.00
1579584.00
1373208.00
1423917.00
1636000.00
1347750.00
1470708.00
1581500.00
1415292.00
1585042.00
1483208.00
1446875.00
1449667.00
1851625.00
1494709.00
1469250.00
1613958.00
1584500.00
1323000.00
1624584.00
1219458.00
1371542.00
1641083.00
1381125.00
1668750.00
1416916.00
1120000.00
1574291.00
1499417.00
1569375.00
1964541.00
1769917.00
1880042.00
1665875.00
1534917.00
1678875.00
1652667.00
1555000.00
1517041.00
1650625.00
1553209.00
1799334.00
2223500.00
1729333.00
1660042.00
1645666.00
1322542.00
1692417.00
2228709.00
2017666.00
2025750.00
1609000.00
1552666.00
1419500.00
1838750.00
1318667.00
1266959.00
1499042.00
1680666.00
1632375.00
1477834.00
1661250.00
1543000.00
1491250.00
1544958.00
1483583.00
1748167.00
1396083.00
1632166.00
1835875.00
1449375.00
1535375.00
1702375.00
1710500.00
1547958.00
1776292.00
1641334.00
1505625.00
1893583.00
1619500.00
1719750.00
1600375.00
1552500.00
1388791.00
2305000.00
2060833.00
1779083.00
1692542.00
1878167.00
1739375.00
1466167.00
1468875.00
1686791.00
1935958.00
1487583.00
1554417.00
1899291.00
1520375.00
1695583.00
1627500.00
1976666.00
1662375.00
1758500.00
1687584.00
1714375.00
1684208.00
1783500.00
1942500.00
2342750.00
1604292.00
1457625.00
1647584.00
1836375.00
1390375.00
1574125.00
1560750.00
1910209.00
1634834.00
1808708.00
1706417.00
1734875.00
1921084.00
1641542.00
2074291.00
1815584.00
1917917.00
1593792.00
2261833.00
1813084.00
1789875.00
2082583.00
1863292.00
2130791.00
1780583.00
2213166.00
1628375.00
2895542.00
2240541.00
1687834.00
1584750.00
1792750.00
1710584.00
1673500.00
1663250.00
1870292.00
1817541.00
9599666.00
8679125.00
8947209.00
12665292.00
12554875.00
59417417.00
2357917.00
3043083.00
1831875.00
3120250.00
1924833.00
2694667.00
1910791.00
1957416.00
1986084.00
2102625.00
2182209.00
1789500.00
2371583.00
1562500.00
2173958.00
1937125.00
1964625.00
1627917.00
1868459.00
1913916.00
1751250.00
1731750.00
1972084.00
1724458.00
1686958.00
2004042.00
1654250.00
1707625.00
1539375.00
2001916.00
2195250.00
1791958.00
2661667.00
2205083.00
1692917.00
1881042.00
2075000.00
2344292.00
2086292.00
2702875.00
2837334.00
2502750.00
1803959.00
2311334.00
2509875.00
2279708.00
2092458.00
2182792.00
2025708.00
1824042.00
1705083.00
2036208.00
1750125.00
1752750.00
2244583.00
1911208.00
1821167.00
1849791.00
1933958.00
1782209.00
2201916.00
1992250.00
1950292.00
1840166.00
1764250.00
1910792.00
1741709.00
2121833.00
2076625.00
1829791.00
2018375.00
1563000.00
2089583.00
1963042.00
1966291.00
1890167.00
2019750.00
1937166.00
2012042.00
2060459.00
2140416.00
1859250.00
1927209.00
2387667.00
2150083.00
3191959.00
3408875.00
2702666.00
2325250.00
1991625.00
1736708.00
1950875.00
1972500.00
2012333.00
2159167.00
2301791.00
1985625.00
2010458.00
1785958.00
2192291.00
1840083.00
2019959.00
1788166.00
2034250.00
1798417.00
1939959.00
1716542.00
2078375.00
2400625.00
2571750.00
2146833.00
2123208.00
1758334.00
1829625.00
2019667.00
2223834.00
2808541.00
2103125.00
1926375.00
2494667.00
2307000.00
2001125.00
2215000.00
2021583.00
2552708.00
3143791.00
2901417.00
3159291.00
2983541.00
2383125.00
2681541.00
2589459.00
1724959.00
2049542.00
2058833.00
1775667.00
2254084.00
2045458.00
2093292.00
2061250.00
2069334.00
2329875.00
2040416.00
2003542.00
1923125.00
2239416.00
1842542.00
2102500.00
1922500.00
2312625.00
1922792.00
2164625.00
1643750.00
2072375.00
2875375.00
2169542.00
1974833.00
2216125.00
2531208.00
1600792.00
2145917.00
2113500.00
2033834.00
1971916.00
2102542.00
2389792.00
2037666.00
1966958.00
2470083.00
2034041.00
2003208.00
1860833.00
2332250.00
2098625.00
2633416.00
2468875.00
2459167.00
2043875.00
2060167.00
2363917.00
2180125.00
2357292.00
2798958.00
2629834.00
2053875.00
2117959.00
1979334.00
2185166.00
2047667.00
2684625.00
2123459.00
2385916.00
2228750.00
2117333.00
2271084.00
1967834.00
2132208.00
2693209.00
2427625.00
2211209.00
2122041.00
2373666.00
2813583.00
2565792.00
2529042.00
2890000.00
2349916.00
2565292.00
2782958.00
2210417.00
3278000.00
2320542.00
3079875.00
1848375.00
2299959.00
2562042.00
2524583.00
2461833.00
2195625.00
2343625.00
2373875.00
2513083.00
2160417.00
2897583.00
2299291.00
2080000.00
2148750.00
2258458.00
2244583.00
3238667.00
1911875.00
2210250.00
2609583.00
2569291.00
2037250.00
2023417.00
2091750.00
2683292.00
2347000.00
2596167.00
2451958.00
2503791.00
3140792.00
2615125.00
2949208.00
2667375.00
1829958.00
2517958.00
3038958.00
2877416.00
2649709.00
3422791.00
2729500.00
2347458.00
2142542.00
5053833.00
2320916.00
1999625.00
2192958.00
3355250.00
2589167.00
2171958.00
3595833.00
4062083.00
2777708.00
2395000.00
2342792.00
3284000.00
2921000.00
2604291.00
3699125.00
2897084.00
2460000.00
2575834.00
3010708.00
2597875.00
2512875.00
5053750.00
3864875.00
2932875.00
2209750.00
3226459.00
2785333.00
2719917.00
3822083.00
3528666.00
2481375.00
2752958.00
3219417.00
2540583.00
2134084.00
3970500.00
11883125.00
3835209.00
4014750.00
6183916.00
5101000.00
22693125.00
13721625.00
163562958.00
75669125.00
5674334.00
3354709.00
4748500.00
4327833.00
5138959.00
9020583.00
5513500.00
12622625.00
6444209.00
7985000.00
6671208.00
9558958.00
8217458.00
2598584.00
3507625.00
5829708.00
3429625.00
2705375.00
3265208.00
2572459.00
2271209.00
3081708.00
2877500.00
3011333.00
3204417.00
3397875.00
3099625.00
2340333.00
2483458.00
2325375.00
2305416.00
3400917.00
2305583.00
3002500.00
2386375.00
2686708.00
3186542.00
2337416.00
2548500.00
2616584.00
2712041.00
2162042.00
2279166.00
3299667.00
3155125.00
2641417.00
2474584.00
2911000.00
3173500.00
3136209.00
3214125.00
3177042.00
2355000.00
2731834.00
2468042.00
2412291.00
2343292.00
2704500.00
3151292.00
2534250.00
2378875.00
2524958.00
2504291.00
2900750.00
2643250.00
2381292.00
2520791.00
2518458.00
2482083.00
2690791.00
2750292.00
2352333.00
2835666.00
2531583.00
2504667.00
2458375.00
3377792.00
2527292.00
3436625.00
3161709.00
2493083.00
2414083.00
2492209.00
2270041.00
2379375.00
2454000.00
2471458.00
3448667.00
3377209.00
3384166.00
2913875.00
4962959.00
2299833.00
2857542.00
3127709.00
4535125.00
3790208.00
2608875.00
3165083.00
3675750.00
2554375.00
2983000.00
2958208.00
2400000.00
2952042.00
3390625.00
2784917.00
2404208.00
3540583.00
3134542.00
3071625.00
2818584.00
2225250.00
2236709.00
2475541.00
4424625.00
3424542.00
3334250.00
3369083.00
2530625.00
2531167.00
2591167.00
3373792.00
2422625.00
3425333.00
3851250.00
2570458.00
2825208.00
4106750.00
2473208.00
3398458.00
4064458.00
3322583.00
2493875.00
3472667.00
3270583.00
4247750.00
3302417.00
2503292.00
2807542.00
3314917.00
3404083.00
2836750.00
5366292.00
2922792.00
2620167.00
3728375.00
3920750.00
3115583.00
3303458.00
3785500.00
2944458.00
3080750.00
4187791.00
3079458.00
4081416.00
3608625.00
4865125.00
4766541.00
4684959.00
3953125.00
3760709.00
3217750.00
2856250.00
3207625.00
3610791.00
3853458.00
2526208.00
2700083.00
4417959.00
3187333.00
3180333.00
4336875.00
3439250.00
2986250.00
5518291.00
3828834.00
3544041.00
3089750.00
3909750.00
3200250.00
2771542.00
4162750.00
3044917.00
2664917.00
2839292.00
4754250.00
2715167.00
2448166.00
2997958.00
3138417.00
2731500.00
5648041.00
3494083.00
2923416.00
3465000.00
2562416.00
3298417.00
4024333.00
3079416.00
3724833.00
3497500.00
3282875.00
4069125.00
3603542.00
2717125.00
4507333.00
3204167.00
3625208.00
3229834.00
4161292.00
3449375.00
3211667.00
3247084.00
3239833.00
3568583.00
3332459.00
3149708.00
4990666.00
3852459.00
3582541.00
4330417.00
2644292.00
3134750.00
3620958.00
4042541.00
3152500.00
4293250.00
3238584.00
3465584.00
3239250.00
3117417.00
3035417.00
3755000.00
3114875.00
3598333.00
4464958.00
4605959.00
3619791.00
3636250.00
2658458.00
4018583.00
2542625.00
2949917.00
3106750.00
3150209.00
2705875.00
3104792.00
4307917.00
3142541.00
3279375.00
3290500.00
3444458.00
4095083.00
9102041.00
3882208.00
2993708.00
3909458.00
4948375.00
3140791.00
2803333.00
4391625.00
2914084.00
2711792.00
3423459.00
2657292.00
3134291.00
3199792.00
2906125.00
3165375.00
2606542.00
3728083.00
2719375.00
4440042.00
3952417.00
3726500.00
2707583.00
4720500.00
4507625.00
3831458.00
3222917.00
3083166.00
3606292.00
3510583.00
3109708.00
2756125.00
3017333.00
2905583.00
2843583.00
3445417.00
3525459.00
2672416.00
2617917.00
3542125.00
2683250.00
2554625.00
2983208.00
3525959.00
3953166.00
5941292.00
4798333.00
3640459.00
3185250.00
3328750.00
4673042.00
3269042.00
3246834.00
4103625.00
3040792.00
3270250.00
3601500.00
3335666.00
3096250.00
3633792.00
3217834.00
3437750.00
3266875.00
3301459.00
3539083.00
2680167.00
2733750.00
3310833.00
4309708.00
2901667.00
3650875.00
3179792.00
3505500.00
3544333.00
3002209.00
2961791.00
2960625.00
2994458.00
3281000.00
2767417.00
2945292.00
3221042.00
3448542.00
3387333.00
3261000.00
2837417.00
3160542.00
4358292.00
3529000.00
3597333.00
2794041.00
3280042.00
4396667.00
3660084.00
3423208.00
2904459.00
4010416.00
2852834.00
3677000.00
2983833.00
2769750.00
3222916.00
2653167.00
3298917.00
3601375.00
3699958.00
3044958.00
3065250.00
3589625.00
3287917.00
3530042.00
3131250.00
3702417.00
3685750.00
3337583.00
3810500.00
3562125.00
3123750.00
3713667.00
2961542.00
2933042.00
3016667.00
3351750.00
3160750.00
2950417.00
4222208.00
4061625.00
3306083.00
3636792.00
3398541.00
3031250.00
3246709.00
3136750.00
3238708.00
4088166.00
3055792.00
2902292.00
2970625.00
2699000.00
3325459.00
3960833.00
3937958.00
2913750.00
2770459.00
3344625.00
2892042.00
4307333.00
3655000.00
3344500.00
3256833.00
3245000.00
3880166.00
2974916.00
3346791.00
3381000.00
3327083.00
3013042.00
3235625.00
2797000.00
3097209.00
3662250.00
2812416.00
3112500.00
2678416.00
3290833.00
2877458.00
3133958.00
2746250.00
3199416.00
3045500.00
3115625.00
2859541.00
3462666.00
3445000.00
2926792.00
3264125.00
2911334.00
2806125.00
3764042.00
3307458.00
3918167.00
2777083.00
3658792.00
3308125.00
2992500.00
2867750.00
3136791.00
4445333.00
3521375.00
3318583.00
3777458.00
3697167.00
3865875.00
2851417.00
3100542.00
3884333.00
3480042.00
3202500.00
4096750.00
3636833.00
3253667.00
3432333.00
2959625.00
2916375.00
3495750.00
3052292.00
3484250.00
4002500.00
3611542.00
3201750.00
4526084.00
3558333.00
2863250.00
3316541.00
3897208.00
4146667.00
3510875.00
3868208.00
4068625.00
3952666.00
3843375.00
3545083.00
4444375.00
3159084.00
3842667.00
4855209.00
3122166.00
4055333.00
3476417.00
4225291.00
5968625.00
3772250.00
3576000.00
4531041.00
3768500.00
5891292.00
5811209.00
4774625.00
3958417.00
4909500.00
3346125.00
3989167.00
4569333.00
4155375.00
4686250.00
7063083.00
6577875.00
6624208.00
4303167.00
6442209.00
3834750.00
4410834.00
4510292.00
5391625.00
5760208.00
4585125.00
4514959.00
3846167.00
3936583.00
3468625.00
3552084.00
3356417.00
3971500.00
4799417.00
5406875.00
3431625.00
3727250.00
3725375.00
2976916.00
3699583.00
4014916.00
3501708.00
4721500.00
3350208.00
4496208.00
3264042.00
3570208.00
3497625.00
3516875.00
3088458.00
3370042.00
3180000.00
3969250.00
3708625.00
3636917.00
4002208.00
4340625.00
3911916.00
4285000.00
3398083.00
3403583.00
3780042.00
3352875.00
3324208.00
3177208.00
3979542.00
3554125.00
3660333.00
3543250.00
3653917.00
3368708.00
3593291.00
4651083.00
3597208.00
3176083.00
4386459.00
4017417.00
3386667.00
3813125.00
3509791.00
4045000.00
3647375.00
3994291.00
3011916.00
3721417.00
4051709.00
3816209.00
4201959.00
3478625.00
4361458.00
3935125.00
3205834.00
3276959.00
3677542.00
3412125.00
3195000.00
3313250.00
4947041.00
3634834.00
3359458.00
3964166.00
3320042.00
3207709.00
4151833.00
3495000.00
3158959.00
3916083.00
4225125.00
4324916.00
3306250.00
3381459.00
3379417.00
4157875.00
3408792.00
3014583.00
3922542.00
3915584.00
3809125.00
3481708.00
3343875.00
4002500.00
3313292.00
4220792.00
3595125.00
3631833.00
3378416.00
3287041.00
3166084.00
3133333.00
3137333.00
3976291.00
3888708.00
3347084.00
3732917.00
3973625.00
3908667.00
3924458.00
3785291.00
3652708.00
3194750.00
3501875.00
4033292.00
3828291.00
3224458.00
3087375.00
3585791.00
3311583.00
3093166.00
4796459.00
4146750.00
4108292.00
4087542.00
3834584.00
3559500.00
3251875.00
4154750.00
5170709.00
4550250.00
3192167.00
3866833.00
3920250.00
5111125.00
4593459.00
5194792.00
4448000.00
6638458.00
4837083.00
4415625.00
3657667.00
4645250.00
5187541.00
4006042.00
4133000.00
3577500.00
3466208.00
3859125.00
3986667.00
4529083.00
3989875.00
3561917.00
3621834.00
4455875.00
4614833.00
3998583.00
4913833.00
4471458.00
3556000.00
4217500.00
3072833.00
3577500.00
4697416.00
4089916.00
4244666.00
4879875.00
4064417.00
3866583.00
4642625.00
4179583.00
4824708.00
4227875.00
4146958.00
3367000.00
4191917.00
4156375.00
4799542.00
3715166.00
3682500.00
5437625.00
4027791.00
3640500.00
3739542.00
3310458.00
4920000.00
4153167.00
3707833.00
3420250.00
5197458.00
4752542.00
3988333.00
3786375.00
3666791.00
3703792.00
3904708.00
3605791.00
3836084.00
3766709.00
3919250.00
4447542.00
4654625.00
4188375.00
5241500.00
4493708.00
4263250.00
3923167.00
3910125.00
4490292.00
4257125.00
4516208.00
3723792.00
3903292.00
3994709.00
3807584.00
4655625.00
3747333.00
3725208.00
3413208.00
4256208.00
5116250.00
4038958.00
4352250.00
3472708.00
3940958.00
4157166.00
4408583.00
4439416.00
3545708.00
3606209.00
3484583.00
3576417.00
3774042.00
3749708.00
4588458.00
4348708.00
4557375.00
4131083.00
5519250.00
4690292.00
4399458.00
6589292.00
4817000.00
4387208.00
7440250.00
6798875.00
6118375.00
9102542.00
9028375.00
4959292.00
8767958.00
6179333.00
3746583.00
3499292.00
3885000.00
5474125.00
4287458.00
4683958.00
3822458.00
4450875.00
3556875.00
61480917.00
9266208.00
6174667.00
12325417.00
6237333.00
5675417.00
6122875.00
4334041.00
4427541.00
4326791.00
3608625.00
4581708.00
4318750.00
3606417.00
3834625.00
3619250.00
4358833.00
5675917.00
4636042.00
3418000.00
4419167.00
4351917.00
4362709.00
4246208.00
5805041.00
3981834.00
4518250.00
3521416.00
3525375.00
3695042.00
4838375.00
4885209.00
4325833.00
4234042.00
4515084.00
3890250.00
4721542.00
4584833.00
4366083.00
5171959.00
3881708.00
3975000.00
4495584.00
3434042.00
3639417.00
4737667.00
4781625.00
4371458.00
4616459.00
4505000.00
4834667.00
5208500.00
4373875.00
4582042.00
3704042.00
4156500.00
3836000.00
4448875.00
3660250.00
4743167.00
5658709.00
5430000.00
3908458.00
4344542.00
3839000.00
3667250.00
4464209.00
4218666.00
4538459.00
3942167.00
3955833.00
3825625.00
4013834.00
4662500.00
3944208.00
4718834.00
4420459.00
4788125.00
4430667.00
4659125.00
4477791.00
4225917.00
4488500.00
3952667.00
4088584.00
3904208.00
3646125.00
3902667.00
4949458.00
4065292.00
3917834.00
4914833.00
4744167.00
4407750.00
6219958.00
6294500.00
4008416.00
4638458.00
4191500.00
4868750.00
3770750.00
3974667.00
3798458.00
4115417.00
4852000.00
4581667.00
3880458.00
3866791.00
4072000.00
3840166.00
4683417.00
4671000.00
4228708.00
3771750.00
5310458.00
6586667.00
6516708.00
4763417.00
4703709.00
3977625.00
3754250.00
4280292.00
4898791.00
4445792.00
4873125.00
4500750.00
5886208.00
5238417.00
5135917.00
3544459.00
3983334.00
4629167.00
4622417.00
4476750.00
4835625.00
3804709.00
3833666.00
3760125.00
4096709.00
5183209.00
3920625.00
4258792.00
4190292.00
3618833.00
4683916.00
4934958.00
4101833.00
4090667.00
4421541.00
3884250.00
3713167.00
4071375.00
4189916.00
4053834.00
4084833.00
4798416.00
4560083.00
4951791.00
4969792.00
5111500.00
7653042.00
18574833.00
14561000.00
55479750.00
5298500.00
6211250.00
6204292.00
5446792.00
4702000.00
4560666.00
4580333.00
3747042.00
4570167.00
4735208.00
4059833.00
4120334.00
4936083.00
6051750.00
6828000.00
6246708.00
4133042.00
3862167.00
4820084.00
4222667.00
3935833.00
4846125.00
5007917.00
4749834.00
4447000.00
5132958.00
5102875.00
4630041.00
4297417.00
4512084.00
4418167.00
3809417.00
3979541.00
3859250.00
5148041.00
5236583.00
4739625.00
4868292.00
4602791.00
4240000.00
4820125.00
6063875.00
6274917.00
6033083.00
5113917.00
3752875.00
4774209.00
3877250.00
4460417.00
4250500.00
4135833.00
3732500.00
5260959.00
5031958.00
4549583.00
3958625.00
3975041.00
4382000.00
4196708.00
5558708.00
4926291.00
4108250.00
3784875.00
4244625.00
4749875.00
4845917.00
4877791.00
4091250.00
4056333.00
4526042.00
4243000.00
4277834.00
4911583.00
5939834.00
5501500.00
3900084.00
5159000.00
4655875.00
4034458.00
4784209.00
4527583.00
4780541.00
3953042.00
4090208.00
4613292.00
4937541.00
4538375.00
5326375.00
4096417.00
5906333.00
4578542.00
4397459.00
3789250.00
5906959.00
4975875.00
4702041.00
5088458.00
4911459.00
5426417.00
4547917.00
6969417.00
7008584.00
4941250.00
4200125.00
5316583.00
4881125.00
4108959.00
4142833.00
4804750.00
3939625.00
4531334.00
4940666.00
4412917.00
5269416.00
4168042.00
4623458.00
5210042.00
5148959.00
5032958.00
4037167.00
4677000.00
4120667.00
5246167.00
5261667.00
4391208.00
4150917.00
4247875.00
4775333.00
4896000.00
4140750.00
5126833.00
4696000.00
4115000.00
4345917.00
5191625.00
5083000.00
5071833.00
4139666.00
5156416.00
4826459.00
5191291.00
4282792.00
4442542.00
4886834.00
4062875.00
4858333.00
6064291.00
5057292.00
5769084.00
5670750.00
6612375.00
5952292.00
5241042.00
4983833.00
4690459.00
4885959.00
5082417.00
4865417.00
5623834.00
4593792.00
4188625.00
5439875.00
4027750.00
4102167.00
6010292.00
5980333.00
5025833.00
5653542.00
4279167.00
4418333.00
4989000.00
4972542.00
4409833.00
4857000.00
4779625.00
5867000.00
4410334.00
5450209.00
6475583.00
5073666.00
5178584.00
4488500.00
5325125.00
5195792.00
5170125.00
4255917.00
5320375.00
4021958.00
5324709.00
5353417.00
5619250.00
5435042.00
6323791.00
5800875.00
5229083.00
5828792.00
5066500.00
4447917.00
6279333.00
6130584.00
5281625.00
5216583.00
4115375.00
5473583.00
4347375.00
4533333.00
4443708.00
4890583.00
5399583.00
4211500.00
5283792.00
5415167.00
5129917.00
4369375.00
4983792.00
5767333.00
5378333.00
5258917.00
5110375.00
5649083.00
4860708.00
5287125.00
5257292.00
5348250.00
5585791.00
5154542.00
5011041.00
5445500.00
4956209.00
5196500.00
5022750.00
5135458.00
6343041.00
4758709.00
4322417.00
4355458.00
5006542.00
4993708.00
5340167.00
5321292.00
4201916.00
4281750.00
5495333.00
4493959.00
5349166.00
4450625.00
4853375.00
6404625.00
5084750.00
5406375.00
4966084.00
4236250.00
6967667.00
6608792.00
6681167.00
5315917.00
4704625.00
5972375.00
5361625.00
5317833.00
4895875.00
5992375.00
5235000.00
4513875.00
5156417.00
5706958.00
5426000.00
4376083.00
5180625.00
5057959.00
5271416.00
5004292.00
5033792.00
5066292.00
4775041.00
5042417.00
5014291.00
5347792.00
5725291.00
5384875.00
5235125.00
4426250.00
6368292.00
5518917.00
5420083.00
5292625.00
5253542.00
6198625.00
4860375.00
5634458.00
5401792.00
4884292.00
4444584.00
5368959.00
4759209.00
5164833.00
5499625.00
4422125.00
5550000.00
6309334.00
5161166.00
5240833.00
4989042.00
5719416.00
11221834.00
9542459.00
10699125.00
4820708.00
5395541.00
5492458.00
6698042.00
5083459.00
5329708.00
5334542.00
4307875.00
5395500.00
5826291.00
6001416.00
5310208.00
5201917.00
5727958.00
5759458.00
6891625.00
6442333.00
5721125.00
5699500.00
6770625.00
5413833.00
5472541.00
5412083.00
7587667.00
5734208.00
7350917.00
5972625.00
6048250.00
6257875.00
4959416.00
5477958.00
4567500.00
5619834.00
5388708.00
5659000.00
4878333.00
5769709.00
5644791.00
5492750.00
6388042.00
7125292.00
6987625.00
6295166.00
6541125.00
7045959.00
5937083.00
7094917.00
5661625.00
5195792.00
5717833.00
5323209.00
5627666.00
6040167.00
5414542.00
6599542.00
5441041.00
5712708.00
5336708.00
5864375.00
4592750.00
5690291.00
4659375.00
5680291.00
6865042.00
4565042.00
5781500.00
4837375.00
5799833.00
5210500.00
4526833.00
5827042.00
4824833.00
5585875.00
5664042.00
5492375.00
5273208.00
5620750.00
4664250.00
5510333.00
5362084.00
5575542.00
6166084.00
4944916.00
6209750.00
5017875.00
15625958.00
5706041.00
5316667.00
5888417.00
4640167.00
5698292.00
5634459.00
6042583.00
5808000.00
5761041.00
5092083.00
4747083.00
4649208.00
5933000.00
6061584.00
5547959.00
4661584.00
4688917.00
5109292.00
5146917.00
5455666.00
5702250.00
5737209.00
5970334.00
5670625.00
5193292.00
5539667.00
5603291.00
5169209.00
5277208.00
5389792.00
5674792.00
5662875.00
4591791.00
5595542.00
5983541.00
5462959.00
5859875.00
5390709.00
4927209.00
5534292.00
5487708.00
5489708.00
5652625.00
4561916.00
6287875.00
9705166.00
10217334.00
5939334.00
6103208.00
5712583.00
5620959.00
6198417.00
6698375.00
5919583.00
5437834.00
5897083.00
5693666.00
5396791.00
5899000.00
5536792.00
4861208.00
5916459.00
4958125.00
5390583.00
6113417.00
5658166.00
6043334.00
7277291.00
7786917.00
9704750.00
7891125.00
4583875.00
5669000.00
5823458.00
5854458.00
5824000.00
5937791.00
4992875.00
5891542.00
5858459.00
5594416.00
6350708.00
6220375.00
5603458.00
5851208.00
5828750.00
4935625.00
7403792.00
6055084.00
5920417.00
5513208.00
7241000.00
8945458.00
7246750.00
5309000.00
5778541.00
5463833.00
5999084.00
7933875.00
10410542.00
8486375.00
5326542.00
6145458.00
6634166.00
5043917.00
6274416.00
4812667.00
7042459.00
7120334.00
6423500.00
5913666.00
6387750.00
8858334.00
8412500.00
6864916.00
5764000.00
5250334.00
5932083.00
4988625.00
4999542.00
5887584.00
5744250.00
5699625.00
5868459.00
7754417.00
7111750.00
6419208.00
8057000.00
7092000.00
6044042.00
5632875.00
6928958.00
7911334.00
6954500.00
5727250.00
5870125.00
5875209.00
4951125.00
6043500.00
5342000.00
5876166.00
5548208.00
6202167.00
6237292.00
9681292.00
6434250.00
6259167.00
5046250.00
5960042.00
5000500.00
5160833.00
5787458.00
7197750.00
6544500.00
4812291.00
5908833.00
6018792.00
4844250.00
6301500.00
5054792.00
5891625.00
5383459.00
6777625.00
5870542.00
4626791.00
7090666.00
5944208.00
6369375.00
5767250.00
5087667.00
4650792.00
6382167.00
5627250.00
4788875.00
5009708.00
5828709.00
5843500.00
5896125.00
4805916.00
5610458.00
6395625.00
6245375.00
6957375.00
6167750.00
5012708.00
5835208.00
6703041.00
6216208.00
5168709.00
6455208.00
4881166.00
5724375.00
6281333.00
4890125.00
6809292.00
5009875.00
5073250.00
5856250.00
5866500.00
6289750.00
5293750.00
5894875.00
6011458.00
5411791.00
5139333.00
6261834.00
7961709.00
4957292.00
6390333.00
5120875.00
5279667.00
6215042.00
6845333.00
5998750.00
5699167.00
4820917.00
6748875.00
5388375.00
6630791.00
6226584.00
5937416.00
5996667.00
6114417.00
5660166.00
5336959.00
6235791.00
6408500.00
5599125.00
5599875.00
6355375.00
5271833.00
6231792.00
6021333.00
6196458.00
5326208.00
6376583.00
5585334.00
6069542.00
6141042.00
6239458.00
6848083.00
6006459.00
4457000.00
6499875.00
5204583.00
5983458.00
6244292.00
6195542.00
5257208.00
5888667.00
6223708.00
5416875.00
6349375.00
5985041.00
5826625.00
6088250.00
5810041.00
5964750.00
5844209.00
6009583.00
5707250.00
6148875.00
6081958.00
5862833.00
6014375.00
6251625.00
6259542.00
6022708.00
6137666.00
6130333.00
5643292.00
7008542.00
5961667.00
6414541.00
5917042.00
6512708.00
5074458.00
6178834.00
6276000.00
6201708.00
5187500.00
5959458.00
5375334.00
6940916.00
6017958.00
6112375.00
6300084.00
6060792.00
5275334.00
6112709.00
6000458.00
6206708.00
4989458.00
7137917.00
7153875.00
6189375.00
5545583.00
6388250.00
5873334.00
5822958.00
6148958.00
6366166.00
6182000.00
6273959.00
4949708.00
5379125.00
6597000.00
6473458.00
5854292.00
6120666.00
7011459.00
8475750.00
8154291.00
10100167.00
7544250.00
7512459.00
7890375.00
7921500.00
6402209.00
6061875.00
6119917.00
6257333.00
6375792.00
6734833.00
6531292.00
6082458.00
5538000.00
6446667.00
5252250.00
6268333.00
6382916.00
6467750.00
6772750.00
6275250.00
5888792.00
8151416.00
8796292.00
7606542.00
7415625.00
7501750.00
7092833.00
7772583.00
7931542.00
6378042.00
6066667.00
5134292.00
5531084.00
6653667.00
6783541.00
6872042.00
7182958.00
76342625.00
6525542.00
13857292.00
6383875.00
7402459.00
6445666.00
6356875.00
6026666.00
6565875.00
6551375.00
6647584.00
8545792.00
7995000.00
6417875.00
6479500.00
6389875.00
6332167.00
6389958.00
5178333.00
6348208.00
6258167.00
6290709.00
6249375.00
7844958.00
8407625.00
6325584.00
6182166.00
6777125.00
5890000.00
6390209.00
6414125.00
6245208.00
5473500.00
7801833.00
6483250.00
6432791.00
6707083.00
4844666.00
5527125.00
6560250.00
6667042.00
6179458.00
6195125.00
5974791.00
6372042.00
6577208.00
6408125.00
5724791.00
6279833.00
6391250.00
6110375.00
6155625.00
6660625.00
6233333.00
6362542.00
6242250.00
6625375.00
6588542.00
6206459.00
6677875.00
6864834.00
6459917.00
7127334.00
6695375.00
6888833.00
6575125.00
6257417.00
6748291.00
6475584.00
6533375.00
6708417.00
6658958.00
6505500.00
6411584.00
8047250.00
6733292.00
6443500.00
5871542.00
6896167.00
6854375.00
6347958.00
6463042.00
5537500.00
6454625.00
6209042.00
6953541.00
6337958.00
6182333.00
6768375.00
6361958.00
7100083.00
6318750.00
6938000.00
6709000.00
8035541.00
6867667.00
6924833.00
6433167.00
6202417.00
7408416.00
6879083.00
6335000.00
6053291.00
6408541.00
6337958.00
6951833.00
5765416.00
6305167.00
5974291.00
7717875.00
6871916.00
6581166.00
6725292.00
6592750.00
7425125.00
6712792.00
6769250.00
6727542.00
6526834.00
6393500.00
6553500.00
7086917.00
5680625.00
6576125.00
6608416.00
6317250.00
6893583.00
5574458.00
7333375.00
6701500.00
6522667.00
6650833.00
7470083.00
6548333.00
8478250.00
6433667.00
6288542.00
6643667.00
7050542.00
6874375.00
7175792.00
6304500.00
7076750.00
6866083.00
7187166.00
6720541.00
5615708.00
6388208.00
6689125.00
6415709.00
6601959.00
6957875.00
6827625.00
5799542.00
8139542.00
6559166.00
6801708.00
6618083.00
6657125.00
6841625.00
6651917.00
6749875.00
6675333.00
6741667.00
6866959.00
6713417.00
6988000.00
5766833.00
6444125.00
7016583.00
6941833.00
6737042.00
7071334.00
5478500.00
6652333.00
6816708.00
7011500.00
8308333.00
7228791.00
6907250.00
6944333.00
6789166.00
6851125.00
6751959.00
6679125.00
6784791.00
5717458.00
6807250.00
6565625.00
6434208.00
7011833.00
8284541.00
9672375.00
5648750.00
5698125.00
6656916.00
6695792.00
6349125.00
6613750.00
5905542.00
5830958.00
6670667.00
6665917.00
6651583.00
5750458.00
6937250.00
6493958.00
6706875.00
6822250.00
7265000.00
7092292.00
8311292.00
8437542.00
6707958.00
6597583.00
6803375.00
6881791.00
6914667.00
6446333.00
6976458.00
7546583.00
6806500.00
7143708.00
5563459.00
5662333.00
6171792.00
7352083.00
6749166.00
6644833.00
6806083.00
7418834.00
7432458.00
6789792.00
6917541.00
6696000.00
6677500.00
6776209.00
6886500.00
7049250.00
6517541.00
6698917.00
7109875.00
6640250.00
6584833.00
7013334.00
6745625.00
7104833.00
7033542.00
7221083.00
7424708.00
7496959.00
5988000.00
6006500.00
6936750.00
6830167.00
7027292.00
6896083.00
7483625.00
7275333.00
7379584.00
6973125.00
7041083.00
7156667.00
6937958.00
5797166.00
6917000.00
6740542.00
6849375.00
5575875.00
7576250.00
5847792.00
6426334.00
6062750.00
6828250.00
7233083.00
6758750.00
6663958.00
6660875.00
6602750.00
6223708.00
5436250.00
6506083.00
7495583.00
7393625.00
6869625.00
6989125.00
7406042.00
7699500.00
6873959.00
7038167.00
5702000.00
6310541.00
7308417.00
7163416.00
6854167.00
6838000.00
6972541.00
5970750.00
8271917.00
7286292.00
6966500.00
7191625.00
6927667.00
6360583.00
6662375.00
7273916.00
9206334.00
6935125.00
7103750.00
7058208.00
6442250.00
7027917.00
7252875.00
6831250.00
7133459.00
6690041.00
6402166.00
6951250.00
7603166.00
6914416.00
7066417.00
5878667.00
7135250.00
6800542.00
7448958.00
7184292.00
6962917.00
7296209.00
5878667.00
7075375.00
6833708.00
6872208.00
7123042.00
5882875.00
11381000.00
6996167.00
7384125.00
6970167.00
7357750.00
6149458.00
5959166.00
6338166.00
7722875.00
7165750.00
6941458.00
7053250.00
7477375.00
7243208.00
7165042.00
6149875.00
7060458.00
7721792.00
7039041.00
7038250.00
7305917.00
5852042.00
6829042.00
7095791.00
7224166.00
7815167.00
7270916.00
7120083.00
7684042.00
5902834.00
7272666.00
7088542.00
7138083.00
6880375.00
7053292.00
6870375.00
7367292.00
5769500.00
6562208.00
7337375.00
6542333.00
7258000.00
7244375.00
6811000.00
6943667.00
7432833.00
6174584.00
7360833.00
7391208.00
6829000.00
7638417.00
7504083.00
5621750.00
7157958.00
7594500.00
6390834.00
7104333.00
7535708.00
7187666.00
6830916.00
7256458.00
7546834.00
8018334.00
7132000.00
7488250.00
6769875.00
6971292.00
5988166.00
6147792.00
6901459.00
6891125.00
7122167.00
7818667.00
7042291.00
6388625.00
7621917.00
7050292.00
7855667.00
7937000.00
7371875.00
12578375.00
7214958.00
7130834.00
7219125.00
7992375.00
7177959.00
6983875.00
7518042.00
8596875.00
8852541.00
7289209.00
7458417.00
7397250.00
7422875.00
7230958.00
7261792.00
11785625.00
7117667.00
7944541.00
8410083.00
8357917.00
8375084.00
7419583.00
7776750.00
8315334.00
7570291.00
11492875.00
7711917.00
8197000.00
8901167.00
8524500.00
10065625.00
8280000.00
8166042.00
9649833.00
8613875.00
8859875.00
6906459.00
7875292.00
7510209.00
6654541.00
7815666.00
7737167.00
8675083.00
7950000.00
10097000.00
9874875.00
8728416.00
7564958.00
8521208.00
8413875.00
9169292.00
7496375.00
8866000.00
8497708.00
6085333.00
7253666.00
7084000.00
7320583.00
6805375.00
7350458.00
9226250.00
7840208.00
7414542.00
7384000.00
7150542.00
7243041.00
10601792.00
7057833.00
7330542.00
7324917.00
6065458.00
7277708.00
6024792.00
7390750.00
7345500.00
7119166.00
7360833.00
7604375.00
7678167.00
7574083.00
7785583.00
7585666.00
8061250.00
8506750.00
8102084.00
7312209.00
7600500.00
7555208.00
8025708.00
7739292.00
7422166.00
8197459.00
7399334.00
7744875.00
7676000.00
7532583.00
7219459.00
7293875.00
7424541.00
8856208.00
7503042.00
7392500.00
7702833.00
7635792.00
7579666.00
6456250.00
7936833.00
6805917.00
7326417.00
6661708.00
7399459.00
7284084.00
7624083.00
7525916.00
7789792.00
7848375.00
7424959.00
7364709.00
7682167.00
7529958.00
6436667.00
7156041.00
6457250.00
9178042.00
7184792.00
7538291.00
7364792.00
9134584.00
7335125.00
7854542.00
7592458.00
9006000.00
7228500.00
7702292.00
7873541.00
7401542.00
7245458.00
7471417.00
7557750.00
29018583.00
23636375.00
10388708.00
7353458.00
8591125.00
7482333.00
7472167.00
8327750.00
7504416.00
6380708.00
8022000.00
7729208.00
7382333.00
7534791.00
7667792.00
7762167.00
7479959.00
7292167.00
7719916.00
7566500.00
7594583.00
7874125.00
6837667.00
6649666.00
7491708.00
10206834.00
6884042.00
8421125.00
9492750.00
8807792.00
7554000.00
8816000.00
10507292.00
8147291.00
8066917.00
8592791.00
7923250.00
8032958.00
11249584.00
9085375.00
9930250.00
11053917.00
8091125.00
7011209.00
9330750.00
9245542.00
8531458.00
9749042.00
7849667.00
10787125.00
8583042.00
9306083.00
8043375.00
8094208.00
7685750.00
9070500.00
6530500.00
11055042.00
8558542.00
9780458.00
9234459.00
7221583.00
8279792.00
9174416.00
8568125.00
11274500.00
9469042.00
6918458.00
8385458.00
7617833.00
7131708.00
8015917.00
8139250.00
8745459.00
8732083.00
7543708.00
8456666.00
7865959.00
9322125.00
8552167.00
9210750.00
8141792.00
8215500.00
7793708.00
9251208.00
7568291.00
9655291.00
8574500.00
8315291.00
7768291.00
8409250.00
8683167.00
9176583.00
10930875.00
7887333.00
9024250.00
7704167.00
7530917.00
8228250.00
8509167.00
6424542.00
8764625.00
7735417.00
7193667.00
7988125.00
7287792.00
8391542.00
7242959.00
9756792.00
6455083.00
8121042.00
8068375.00
6726000.00
8702375.00
8064459.00
7905542.00
8637375.00
7298833.00
8470250.00
8191292.00
8059584.00
8199416.00
8266458.00
6955875.00
8330083.00
8117667.00
Throughput: 151.23 ops/sec
Latency Measurements (ns):
8540791.00
8282917.00
8453000.00
9603000.00
8297709.00
8231917.00
6899708.00
8062958.00
6722208.00
8038708.00
7757250.00
8018292.00
9917584.00
6907250.00
7630083.00
8571000.00
7758500.00
7647000.00
8545000.00
6776042.00
8144125.00
8236709.00
7664250.00
8707458.00
8200167.00
7179375.00
8077000.00
10901167.00
7921792.00
8155542.00
8387000.00
8069583.00
7684792.00
8874542.00
11350709.00
8816667.00
8338667.00
7683292.00
7792750.00
7898333.00
8470750.00
8007583.00
10315542.00
7319417.00
9523209.00
8247333.00
6941417.00
8284666.00
8761125.00
7795584.00
8346041.00
8197041.00
6629958.00
8364750.00
8406250.00
8728459.00
13150542.00
10478667.00
7794625.00
8536833.00
7610792.00
9779667.00
9954958.00
9570208.00
10183625.00
8043375.00
7949542.00
8930834.00
8286792.00
9025167.00
9010000.00
9256250.00
8300833.00
8765166.00
7372541.00
8912875.00
8095584.00
8292000.00
7695542.00
6962500.00
9043542.00
8172459.00
8110417.00
8385792.00
8443209.00
9199583.00
8204042.00
8021041.00
8414833.00
8859208.00
8678042.00
8024083.00
10425917.00
8171375.00
8185250.00
8438375.00
6689125.00
8491417.00
8582625.00
11144250.00
8687375.00
8400792.00
6818083.00
8747000.00
8580416.00
7899333.00
8751833.00
8313791.00
8849084.00
8772708.00
8721584.00
7874125.00
6770042.00
7565334.00
10738709.00
8484833.00
7965875.00
8090875.00
7553375.00
8702959.00
8291209.00
7785459.00
6758709.00
6461792.00
8526666.00
9070625.00
8639667.00
8845958.00
8685333.00
10045750.00
8237833.00
8681375.00
9702083.00
Throughput: 0.00 ops/sec
Latency Measurements (ns):
Throughput: 0.00 ops/sec
Latency Measurements (ns):
Throughput: 0.00 ops/sec
Latency Measurements (ns):
Throughput: 0.00 ops/sec
Latency Measurements (ns):
Throughput: 0.00 ops/sec
Latency Measurements (ns):
8430791.00
8449625.00
7267750.00
8373125.00
8785167.00
8182291.00
8119125.00
8225792.00
8730959.00
8286167.00
10383833.00
8376625.00
8118917.00
7003417.00
8693708.00
8477083.00
9205833.00
8363125.00
9786334.00
8199583.00
8335958.00
9107375.00
8899375.00
9353500.00
8488625.00
10182584.00
8723166.00
7025833.00
8379416.00
7335417.00
8491000.00
7580750.00
9483625.00
8439583.00
9872917.00
8713458.00
8340833.00
8698750.00
8686417.00
8738667.00
11090250.00
8708000.00
6915000.00
8561917.00
8625458.00
8383625.00
8086334.00
7156250.00
8336083.00
8839916.00
7915875.00
7340791.00
8293208.00
10744667.00
8633625.00
8509625.00
8787458.00
7299709.00
8501750.00
8777375.00
8785500.00
8411375.00
8829292.00
6957833.00
7988250.00
8582708.00
8446417.00
8644250.00
8936125.00
8357792.00
8735875.00
8346084.00
8993417.00
8739708.00
9236250.00
7104292.00
9286667.00
8770709.00
8799041.00
7169875.00
8347583.00
10304250.00
8761792.00
8517666.00
9848959.00
10820833.00
8700958.00
8890333.00
9402625.00
8654417.00
9566708.00
7387125.00
10130542.00
47388292.00
7301458.00
9041333.00
8857250.00
10349667.00
8870833.00
8845083.00
7842083.00
9262833.00
10217625.00
9640375.00
8815458.00
8461750.00
9346875.00
9240084.00
9259459.00
8917583.00
8821792.00
8930791.00
8328458.00
8284917.00
7534750.00
7675458.00
8816292.00
9413209.00
8014292.00
9313208.00
10739375.00
10093292.00
9197250.00
9439083.00
8493375.00
9122958.00
8441417.00
7479792.00
8858417.00
8970333.00
8947042.00
8401625.00
9562458.00
8421000.00
9106625.00
Throughput: 0.00 ops/sec
8506750.00
Latency Measurements (ns):
9413042.00
8592375.00
9169041.00
8708917.00
8682750.00
12019333.00
10289542.00
12570000.00
9645791.00
9641375.00
8523958.00
8994375.00
7376417.00
9212584.00
8764708.00
7662750.00
9486709.00
8375167.00
8946959.00
12026708.00
10451000.00
7817458.00
8394709.00
9305875.00
8813708.00
Throughput: 0.00 ops/sec
8663917.00
Latency Measurements (ns):
8493834.00
8671875.00
8848417.00
9546000.00
7860834.00
9299375.00
8780375.00
9448334.00
8834958.00
26592292.00
72319083.00
10103125.00
8364375.00
8841708.00
12128583.00
7366500.00
8790792.00
7829750.00
9446083.00
8739750.00
8819208.00
7462500.00
7081750.00
9447750.00
8244750.00
8922542.00
8948000.00
9131292.00
8337625.00
8438709.00
9839042.00
14602333.00
13469667.00
9006583.00
9003416.00
8668584.00
8260666.00
11576333.00
8192291.00
8790792.00
9499667.00
8932709.00
7638958.00
14997875.00
7888750.00
10110667.00
7595042.00
8949500.00
8102875.00
13730000.00
10785792.00
14542208.00
7667541.00
9061917.00
7980833.00
8619625.00
7873125.00
8923375.00
8487875.00
9910417.00
9056708.00
10343084.00
9535500.00
8759375.00
9445250.00
8739458.00
9406959.00
8790791.00
8507958.00
9098958.00
12791667.00
9034500.00
10468042.00
9332125.00
7922875.00
7663250.00
8611791.00
8676917.00
13593500.00
8855958.00
9089541.00
7712250.00
9620334.00
7794666.00
9672458.00
9603750.00
10466292.00
9026917.00
9300333.00
8790416.00
9514500.00
9553750.00
9305833.00
8763708.00
8795625.00
9687666.00
8589375.00
11070750.00
13289083.00
11635125.00
11859209.00
8972125.00
7732375.00
11354791.00
9153083.00
9237791.00
10381500.00
9162834.00
9020583.00
8893875.00
11097209.00
9295584.00
9393959.00
9403833.00
8943792.00
11031417.00
9083792.00
9687708.00
9336958.00
8864084.00
10202084.00
8846208.00
8729125.00
9915333.00
9311625.00
9233125.00
10534875.00
13652292.00
14219542.00
11161208.00
15436166.00
8596917.00
9070125.00
9233292.00
8672625.00
12704333.00
7814917.00
9109666.00
9621500.00
8962083.00
9545209.00
8462750.00
10366917.00
8889084.00
9238125.00
12109417.00
8709333.00
10597459.00
9930666.00
9525000.00
8923709.00
9396000.00
8592958.00
9179750.00
10181875.00
9438917.00
9328875.00
12582708.00
12242167.00
14092625.00
9746250.00
9118667.00
9108333.00
9935291.00
9460791.00
9562917.00
10052083.00
9875750.00
9152583.00
9096375.00
9109125.00
9465500.00
9442959.00
10091750.00
13379625.00
9013250.00
9687333.00
9091625.00
9449125.00
9202083.00
9536958.00
14137792.00
9592667.00
9282292.00
9928791.00
9208417.00
9864791.00
9402083.00
9527041.00
8935250.00
8752375.00
12412333.00
13687541.00
9201083.00
9460500.00
9229250.00
9325625.00
9237292.00
9876834.00
9458708.00
9272417.00
9725416.00
9331083.00
9881750.00
11270833.00
9060917.00
9625042.00
9033416.00
9080167.00
9704583.00
10910750.00
9201750.00
9150542.00
9410292.00
9129333.00
9986458.00
8977417.00
9665583.00
9536416.00
10824167.00
11113250.00
12375125.00
11929625.00
8868542.00
17436750.00
9289458.00
9999208.00
8443958.00
10152833.00
9788583.00
9861000.00
9912334.00
10595792.00
7894250.00
11265250.00
12160500.00
17314084.00
10431959.00
7839208.00
9315792.00
8822667.00
9124750.00
9351375.00
9564875.00
9224209.00
10573375.00
9758166.00
9478625.00
9851834.00
10006625.00
9002875.00
9475708.00
9785458.00
9985250.00
11713250.00
9686584.00
9724834.00
8974458.00
8286084.00
11451291.00
9662208.00
9692083.00
9172542.00
12073791.00
14347583.00
11689334.00
9437250.00
9529792.00
10020292.00
10319416.00
9391583.00
9751125.00
9323417.00
10453542.00
10087500.00
9618375.00
9606916.00
9850209.00
9795583.00
9917708.00
9347500.00
9291875.00
9291083.00
9613000.00
9576417.00
9377417.00
9741875.00
10197750.00
9118750.00
8996333.00
9975584.00
10893083.00
10426042.00
9781625.00
7930958.00
9335833.00
9159750.00
9392792.00
9800375.00
9687375.00
9031916.00
9482834.00
10252041.00
9069542.00
9283417.00
9264417.00
9837625.00
9292792.00
9187791.00
9650459.00
9502084.00
10450333.00
9151459.00
9636625.00
9527041.00
9441084.00
10885084.00
9053209.00
9471542.00
10072166.00
8988084.00
9691250.00
10081667.00
9140333.00
9607667.00
9864541.00
9798875.00
9403709.00
9626166.00
9791500.00
9381750.00
9968334.00
9458500.00
10015375.00
9267167.00
9440000.00
7941833.00
9772292.00
9993292.00
11427958.00
10198125.00
9589916.00
9383875.00
9312792.00
8341875.00
9590208.00
10014167.00
9471584.00
9312708.00
9407125.00
10108167.00
10383250.00
9295833.00
9309083.00
9314458.00
9925084.00
9519209.00
9665250.00
9809541.00
9604250.00
9518250.00
9691417.00
10034417.00
79906833.00
24051292.00
10047458.00
9528291.00
9739583.00
9345125.00
9024375.00
9639750.00
8902542.00
10212625.00
9654625.00
10059500.00
9622583.00
11257416.00
9168667.00
9948792.00
10154083.00
10069375.00
11028417.00
10152709.00
9183542.00
9829250.00
9585584.00
9653625.00
11076875.00
9936375.00
9404792.00
9532084.00
9605292.00
10117250.00
12460209.00
9415083.00
9405833.00
10248709.00
9624666.00
9978458.00
10232666.00
9605666.00
9678875.00
10037291.00
9688375.00
8388083.00
9502875.00
9766875.00
9879709.00
10473750.00
9900959.00
9634791.00
9556500.00
10524417.00
9669333.00
10411500.00
9658000.00
9878750.00
8677250.00
9903125.00
9411667.00
9451000.00
9823458.00
10558459.00
9723791.00
10664334.00
9516667.00
10014292.00
9904042.00
10222500.00
9545666.00
10005042.00
9351791.00
11230083.00
9703417.00
10378625.00
9437292.00
9805917.00
9587209.00
8485583.00
11868583.00
10108250.00
9850584.00
8476666.00
9788375.00
9790166.00
10021416.00
9891209.00
9665375.00
10268167.00
9690333.00
10403375.00
9817709.00
7903125.00
9587500.00
8530000.00
10098708.00
9995833.00
9914583.00
9666125.00
10390125.00
10006375.00
11404208.00
10502416.00
9687250.00
8982208.00
10274750.00
8774125.00
10539000.00
10030125.00
9869083.00
8698708.00
9622875.00
10892125.00
10384084.00
9491291.00
9603542.00
8449042.00
10034083.00
8952958.00
9465792.00
9625833.00
10004167.00
9931708.00
10290417.00
9935791.00
9996125.00
9840625.00
12589167.00
9670792.00
9629125.00
10173417.00
10388166.00
9653292.00
8617375.00
9840625.00
11828542.00
10366500.00
10063708.00
9587084.00
8440916.00
9908583.00
10078958.00
9518417.00
8623792.00
9996625.00
11072000.00
10098916.00
11073292.00
10295250.00
9764833.00
9158083.00
9171375.00
9098000.00
10411250.00
10036084.00
9981417.00
8127416.00
11175916.00
12410833.00
10567125.00
9811917.00
10574292.00
9360750.00
10175458.00
8389875.00
9707709.00
10964292.00
10295625.00
10174959.00
12563334.00
10151834.00
9810000.00
8690541.00
10638917.00
8548500.00
10530875.00
Throughput: 0.00 ops/sec
8621792.00
Latency Measurements (ns):
10249875.00
10186125.00
10034416.00
10636083.00
10088375.00
10790667.00
10005209.00
10271292.00
10326166.00
8810791.00
10268125.00
10654709.00
10090250.00
9992625.00
12373541.00
8945333.00
10029666.00
10052042.00
10231667.00
9101709.00
12229041.00
9951375.00
9769833.00
10047292.00
10087750.00
12435708.00
10537250.00
10311833.00
11047666.00
10343000.00
10463834.00
10190459.00
10025292.00
9640917.00
10487333.00
11157333.00
12326000.00
10370875.00
10213333.00
10577625.00
9912500.00
10655500.00
9731666.00
9733083.00
10239834.00
10124375.00
9911000.00
10659875.00
10000792.00
10248958.00
10080417.00
10363458.00
10160625.00
10696292.00
9063583.00
10431834.00
9355666.00
10528917.00
10937083.00
10153792.00
8773166.00
10546583.00
10198459.00
10803792.00
10620542.00
10528000.00
11022083.00
10346708.00
10568500.00
9977667.00
8673709.00
9799375.00
9987959.00
10289750.00
10352292.00
9669667.00
10142250.00
10119250.00
11665084.00
9836042.00
12823375.00
10891833.00
9987250.00
8531666.00
10120042.00
10562750.00
8723833.00
10930709.00
9874583.00
10272208.00
8873000.00
10247708.00
9965125.00
9365167.00
10181541.00
10173417.00
9721500.00
10088417.00
11230875.00
15625708.00
14452875.00
13041458.00
10679167.00
9965500.00
10203958.00
10810292.00
9418666.00
10299083.00
13541583.00
10459750.00
9888333.00
11723292.00
10201458.00
10510250.00
10437875.00
10622125.00
10521542.00
10909250.00
11318541.00
13312958.00
12149291.00
12650167.00
10407125.00
9402958.00
10724375.00
11056291.00
9655625.00
10201500.00
9748500.00
10600083.00
9855584.00
10618292.00
10937917.00
10512583.00
9410209.00
12424125.00
9175958.00
10666708.00
10786209.00
9710542.00
11175208.00
12665875.00
12638333.00
11059000.00
12027500.00
10529000.00
10763417.00
10855542.00
11727750.00
11288750.00
9403292.00
11477458.00
13263625.00
12348250.00
10453000.00
9146750.00
10065125.00
10533208.00
10699542.00
10511500.00
10666708.00
14047042.00
78791958.00
9785167.00
10529209.00
10261167.00
9111667.00
11894292.00
10817667.00
10834542.00
9441667.00
10913583.00
10656333.00
10447083.00
10605792.00
10859875.00
9754417.00
10528917.00
12027875.00
8368125.00
10841333.00
9331459.00
10541042.00
10422875.00
11282042.00
10297208.00
9155833.00
10545250.00
10740500.00
11795584.00
10523959.00
10757625.00
8465625.00
9936000.00
11235459.00
11587625.00
10860916.00
11063959.00
10736875.00
12634541.00
10996417.00
10521792.00
9079583.00
10445833.00
10709042.00
12614625.00
10560708.00
10372458.00
11268416.00
12685625.00
10703833.00
10456709.00
10403834.00
10754375.00
10756417.00
10622000.00
11783917.00
10942833.00
11101083.00
12167208.00
10560250.00
10634083.00
10415375.00
11237542.00
11743084.00
10783042.00
10543708.00
10704458.00
11290042.00
10661542.00
11280459.00
9185166.00
11076541.00
11104459.00
10406042.00
10660834.00
10471917.00
9059584.00
11519625.00
11143292.00
11246833.00
10955291.00
9957042.00
10638875.00
10248083.00
10644209.00
11033667.00
11432375.00
10859708.00
11466958.00
12658625.00
10447833.00
11060084.00
8623792.00
10541166.00
10821416.00
10613000.00
10542750.00
10513541.00
11070917.00
12306042.00
11098000.00
10313250.00
10253834.00
10673458.00
11914541.00
11118667.00
11172500.00
11363708.00
11005333.00
11119167.00
11544750.00
11153750.00
10421708.00
10728792.00
11616792.00
10872750.00
10789916.00
10578958.00
9517583.00
10847042.00
10297000.00
10899458.00
11512916.00
10814958.00
10724375.00
10267375.00
11364791.00
10526333.00
12776417.00
10858791.00
10341042.00
8993041.00
11117875.00
10683334.00
10914875.00
10899500.00
10265250.00
11805042.00
13435667.00
11107625.00
11385834.00
11106917.00
11057333.00
11401125.00
11493958.00
10617542.00
10518167.00
10985875.00
10733917.00
12322125.00
11420167.00
11532375.00
10584917.00
10911667.00
11081250.00
12540333.00
10964792.00
11148292.00
11551625.00
11300209.00
11097042.00
11908583.00
15254791.00
10532292.00
12236667.00
12638875.00
11427959.00
11487542.00
11067459.00
11257042.00
11559625.00
12134625.00
10887625.00
10835167.00
10723208.00
10624500.00
12618167.00
11125250.00
10154500.00
12096417.00
10966083.00
11443334.00
11008875.00
11017625.00
10425667.00
12545084.00
10738292.00
10691667.00
10702292.00
11247875.00
12667125.00
10726250.00
11413958.00
11177458.00
12063250.00
10676166.00
11774375.00
11361875.00
11049666.00
11353584.00
12873208.00
11144667.00
11752833.00
10852209.00
14865458.00
11254542.00
11357917.00
11247542.00
11442917.00
11653375.00
10785208.00
11012500.00
11043625.00
13793292.00
13360542.00
10729709.00
11457583.00
11132000.00
10793875.00
10490000.00
11376875.00
11110833.00
11478917.00
11357708.00
11587417.00
10818292.00
12219708.00
11135583.00
12688208.00
11890333.00
10754916.00
11649875.00
11500500.00
11014500.00
10399833.00
11734167.00
10913666.00
11030500.00
11065833.00
10950083.00
10914750.00
11261709.00
11716542.00
11060875.00
10900167.00
11174333.00
10840875.00
12492292.00
10799750.00
11143500.00
11105209.00
15821291.00
11921292.00
11620666.00
11346333.00
11327750.00
12539250.00
11755916.00
11737250.00
12489541.00
12602666.00
11806333.00
11404083.00
11252375.00
11196917.00
12403708.00
10909000.00
11577375.00
11637667.00
13260000.00
11403167.00
11532791.00
11435375.00
11454375.00
12319792.00
10716458.00
11999166.00
11586750.00
14790250.00
Throughput: 0.00 ops/sec
Latency Measurements (ns):
Throughput: 0.00 ops/sec
Latency Measurements (ns):
Throughput: 0.00 ops/sec
Latency Measurements (ns):
Throughput: 0.00 ops/sec
Latency Measurements (ns):
Throughput: 0.00 ops/sec
Latency Measurements (ns):
Throughput: 0.00 ops/sec
Latency Measurements (ns):
Throughput: 0.00 ops/sec
Latency Measurements (ns):
Throughput: 0.00 ops/sec
Latency Measurements (ns):
Throughput: 119.36 ops/sec
Latency Measurements (ns):
14129875.00
13024375.00
10870458.00
11893583.00
15005458.00
10813833.00
11181958.00
10417333.00
13049541.00
11487500.00
11443792.00
11120042.00
11701416.00
12644916.00
11562042.00
13591667.00
13298500.00
81657917.00
11679750.00
10220917.00
10944167.00
15233791.00
15848083.00
12672583.00
10717791.00
10636416.00
12311667.00
11711000.00
11719500.00
13510167.00
14819125.00
11106209.00
13369166.00
12924833.00
15212750.00
14368375.00
11459375.00
11529333.00
13738708.00
11775583.00
13143167.00
13604083.00
14753000.00
11216250.00
21248708.00
12384125.00
11765917.00
12861500.00
12764541.00
12124167.00
12775792.00
15524000.00
13471875.00
15644250.00
11439041.00
13255792.00
11343000.00
11093625.00
10885125.00
11330417.00
12649416.00
11019916.00
13494125.00
14620125.00
11137875.00
11551084.00
11693375.00
10973750.00
11776750.00
11516375.00
11827875.00
16011500.00
18351833.00
11406375.00
11503500.00
11471334.00
11213750.00
15549000.00
17408959.00
11070792.00
11340292.00
11784375.00
16347833.00
11939083.00
11140375.00
13041125.00
11534292.00
14044084.00
11300666.00
15299958.00
13228916.00
12499084.00
11504583.00
10874375.00
12058125.00
11809083.00
11456708.00
12598708.00
11931500.00
11719375.00
14065500.00
11322083.00
9551250.00
11576750.00
11615333.00
12192416.00
11315000.00
11818166.00
11972958.00
11357167.00
12667541.00
9815625.00
13906500.00
21581667.00
11479625.00
11517666.00
11801125.00
11494417.00
12043750.00
12449042.00
16037834.00
12065500.00
12208875.00
11965709.00
11599458.00
11577500.00
11501250.00
12415209.00
11595750.00
12019917.00
12314916.00
12003333.00
11188833.00
11014750.00
11344584.00
11688625.00
11477167.00
11224459.00
11580500.00
11545834.00
11330583.00
11961708.00
11491834.00
11502083.00
13153000.00
11299041.00
11980750.00
11457833.00
13239542.00
11571042.00
12226042.00
13145583.00
11496708.00
11398125.00
11375875.00
13619750.00
12168250.00
14176375.00
13063791.00
10962083.00
12701625.00
11689500.00
11504834.00
11686584.00
11602667.00
11798208.00
11904583.00
12344666.00
13703875.00
11581417.00
13487708.00
11636833.00
14410792.00
14507041.00
13634000.00
11322500.00
13000458.00
13111791.00
11874583.00
12450708.00
16797958.00
12178000.00
12905291.00
12123375.00
11603875.00
19589167.00
22294750.00
24434958.00
17728417.00
20069083.00
14715416.00
13159542.00
13029458.00
11758666.00
14388125.00
12053167.00
11691542.00
12985375.00
12055125.00
17110500.00
14197209.00
19625167.00
15237750.00
17266542.00
15820334.00
13113625.00
11805125.00
12177958.00
18610000.00
18793958.00
11898125.00
13219209.00
11847083.00
12431833.00
12686291.00
11447542.00
12207375.00
13941875.00
13795041.00
12507125.00
11620458.00
9635458.00
12269958.00
11770833.00
9831584.00
13958375.00
12745542.00
11427875.00
12321292.00
15270708.00
12229416.00
12121458.00
11794833.00
12030042.00
13021292.00
12977083.00
11779791.00
13239125.00
11199625.00
12919083.00
12135375.00
12799084.00
11900292.00
12591042.00
11879250.00
17492875.00
14234208.00
12035083.00
12148083.00
14222167.00
12266583.00
12224458.00
12385958.00
11882541.00
12147375.00
11420333.00
10756209.00
12341375.00
10113959.00
12308084.00
11867333.00
11767959.00
11392250.00
11701625.00
21139500.00
23301583.00
28829959.00
14944917.00
11996833.00
11514833.00
15712167.00
12177292.00
12310125.00
11872750.00
11882459.00
12822208.00
15399458.00
13067959.00
12333584.00
12096542.00
12162667.00
13442708.00
12219334.00
11788709.00
12099167.00
15172417.00
16119000.00
16363667.00
11973458.00
10836000.00
14919250.00
12339125.00
16255208.00
23633541.00
13666166.00
15189333.00
16933333.00
12970458.00
11649458.00
13620958.00
14147708.00
10521792.00
12525875.00
14479875.00
11933334.00
11997416.00
12218500.00
13175500.00
11968167.00
11954875.00
12492333.00
12189709.00
12914292.00
10175125.00
15532458.00
15310792.00
12573458.00
12551500.00
12472416.00
10804250.00
11675500.00
12158833.00
15546500.00
12405625.00
17928083.00
12029416.00
13013459.00
14043000.00
12460084.00
13130708.00
13528333.00
12781250.00
12933916.00
12804958.00
14000625.00
11805042.00
12134458.00
12261542.00
12086250.00
16116791.00
13332834.00
10848458.00
12445583.00
11893500.00
12125042.00
11985000.00
11848875.00
12361375.00
12915167.00
11958416.00
16565791.00
14502709.00
12734709.00
12326959.00
11998375.00
12700958.00
12858708.00
15616167.00
18662458.00
13751166.00
12602834.00
13040791.00
11829875.00
12861458.00
12014459.00
13402583.00
18572459.00
13693208.00
13997041.00
12222375.00
11482042.00
12135333.00
12627250.00
10908375.00
13668417.00
15413625.00
13358458.00
11098875.00
15646625.00
15353542.00
18036042.00
16501166.00
16716083.00
13607792.00
12218209.00
12284166.00
13637709.00
12585042.00
12700542.00
14864917.00
12383542.00
12024000.00
12493875.00
15351625.00
12437625.00
13306167.00
12523166.00
15699500.00
13627875.00
12779708.00
12622625.00
12343667.00
12178583.00
11804959.00
13939500.00
13396333.00
9881125.00
12206916.00
12402542.00
13373834.00
12708292.00
13306417.00
12879958.00
12828250.00
12351542.00
12717917.00
15244583.00
16109917.00
10864125.00
18300625.00
12418667.00
16904000.00
21896875.00
12655792.00
15500084.00
13292416.00
12406959.00
12826333.00
12164833.00
13221917.00
12888666.00
14187333.00
12982625.00
12915250.00
13374167.00
13379208.00
12018083.00
12181333.00
13870958.00
12855583.00
12228416.00
12369292.00
12718541.00
12708583.00
12736125.00
13133750.00
12092291.00
12433708.00
13074750.00
12711791.00
12137542.00
10784333.00
11821042.00
13590166.00
10695583.00
12005292.00
11565125.00
14913000.00
11891916.00
13185458.00
12684084.00
12441417.00
10243167.00
14048500.00
12859125.00
13294917.00
12091417.00
13128916.00
13682250.00
13821958.00
13304250.00
13843667.00
12246292.00
13166875.00
13694500.00
11831333.00
15116125.00
12497166.00
12099958.00
12831750.00
12420125.00
12399291.00
12087709.00
13219208.00
12617667.00
13123333.00
12131791.00
10617750.00
12669750.00
15101166.00
12395375.00
14389167.00
12567375.00
11086167.00
12118167.00
12833542.00
12599083.00
14834500.00
14289000.00
10420708.00
12885250.00
66619625.00
33936291.00
20384958.00
17069708.00
22368833.00
105330292.00
17097625.00
12244167.00
12272292.00
13738166.00
17195125.00
13629417.00
16461208.00
13205208.00
12749667.00
13268167.00
13065958.00
12162000.00
30014292.00
14937583.00
13966750.00
13458250.00
18839791.00
15413792.00
13164708.00
13135041.00
27508167.00
45021334.00
42351000.00
13999500.00
18229166.00
24819500.00
62612000.00
13985250.00
11288292.00
22901625.00
18524959.00
20950167.00
13154959.00
15110959.00
14733000.00
13424416.00
13379041.00
17040000.00
12725458.00
13401375.00
13245375.00
13460333.00
13211667.00
12895291.00
14101625.00
51146083.00
46144209.00
23032500.00
23747250.00
21503834.00
27867083.00
25995125.00
23309750.00
23641083.00
30055250.00
21765875.00
24328417.00
18515250.00
12847250.00
15379708.00
14265959.00
14327209.00
13251292.00
13960667.00
15828792.00
15498458.00
15033541.00
13317875.00
12492917.00
12783834.00
11099542.00
12564333.00
13357084.00
12980083.00
19928583.00
16472875.00
14172000.00
13091375.00
12407208.00
13018917.00
13397542.00
11835666.00
13658083.00
12467458.00
13571542.00
11834125.00
13857709.00
11133459.00
12676875.00
13255875.00
13393125.00
13356458.00
12381292.00
13068209.00
12794250.00
12993250.00
12847750.00
12753541.00
17682209.00
12554958.00
14438167.00
14837833.00
17621334.00
14643875.00
14027792.00
14851500.00
15554666.00
13064125.00
11196916.00
14004458.00
13329958.00
12076292.00
16961167.00
13183041.00
14940875.00
15239959.00
11604416.00
14157416.00
14922500.00
14642209.00
11439375.00
12638458.00
13132125.00
13063459.00
12642625.00
14924416.00
58405750.00
15357084.00
14577750.00
12493666.00
15438209.00
13231375.00
12598500.00
17232542.00
11614458.00
14513042.00
15859541.00
16123000.00
14741958.00
14942584.00
15653833.00
14000375.00
14143625.00
12949250.00
11651750.00
12460000.00
12290417.00
13332125.00
13109208.00
13976708.00
14494042.00
12166000.00
13067458.00
11416208.00
13573958.00
13193333.00
13142750.00
13096209.00
12999583.00
15036417.00
12637875.00
13725500.00
13190708.00
14805375.00
13548500.00
13392666.00
12706083.00
13846667.00
13878292.00
12729625.00
12705041.00
14240792.00
12542666.00
12727042.00
12487792.00
12884709.00
11262542.00
13321000.00
14113958.00
13331958.00
12960084.00
12654584.00
11583458.00
13434583.00
13325875.00
13050083.00
16121792.00
13316916.00
12165167.00
13786708.00
13472000.00
13295709.00
13461583.00
14503750.00
13585959.00
11966416.00
13277916.00
12610542.00
14489084.00
13010083.00
14162417.00
11217958.00
13224416.00
13211208.00
13209750.00
10931167.00
12982958.00
13526750.00
13313000.00
15095250.00
12501666.00
13300250.00
13361208.00
11853208.00
27011584.00
12171708.00
13027458.00
12655166.00
13646250.00
14071250.00
12979167.00
14156750.00
13284458.00
14474791.00
13031541.00
13819208.00
14290875.00
10579375.00
12953083.00
13513500.00
14321375.00
11875333.00
13137541.00
11537583.00
13785750.00
13158250.00
16078958.00
12423917.00
12946583.00
14406333.00
13782917.00
12536833.00
13304458.00
13375375.00
14533583.00
13538292.00
12051459.00
10767917.00
13062916.00
13104209.00
13734250.00
13520166.00
18202417.00
14371666.00
13204750.00
14322542.00
13699375.00
13237666.00
13780625.00
16430042.00
13927083.00
13430750.00
13178125.00
15685833.00
13875792.00
13458875.00
14266292.00
13016166.00
14298250.00
12685334.00
14097875.00
13470875.00
13259416.00
14749250.00
13938208.00
17214000.00
13574708.00
15789125.00
17230291.00
16165000.00
17293291.00
13873833.00
15885250.00
14212125.00
15650042.00
11334875.00
13686667.00
13702250.00
15739083.00
13616417.00
13698208.00
12153209.00
13329167.00
15166292.00
17129958.00
13484417.00
16904333.00
13017416.00
13943292.00
13388917.00
13060458.00
15858291.00
14268667.00
13213583.00
13566333.00
16995958.00
12854167.00
14810542.00
16275417.00
12960250.00
13571750.00
11561167.00
13156125.00
12987250.00
13961875.00
13979875.00
13608209.00
14033500.00
13524417.00
13877000.00
14727833.00
14270209.00
14086292.00
14349250.00
13043709.00
13842042.00
13615542.00
15938875.00
