Throughput: 0.00 ops/sec
Throughput: 0.00 ops/sec
Latency Measurements (ns):
Latency Measurements (ns):
Throughput: 0.00 ops/sec
Latency Measurements (ns):
Throughput: 164.86 ops/sec
Throughput: 0.00 ops/sec
Latency Measurements (ns):
Latency Measurements (ns):
Throughput: 0.00 ops/sec
Latency Measurements (ns):
737917.00
556875.00
1679250.00
2916583.00
3759125.00
4277291.00
3243791.00
1665667.00
894375.00
555625.00
743625.00
800167.00
621083.00
226959.00
258125.00
381792.00
383125.00
463000.00
486916.00
492542.00
409458.00
408125.00
499417.00
349042.00
366125.00
191917.00
304208.00
275708.00
467292.00
558333.00
213083.00
187583.00
510416.00
173208.00
537042.00
375208.00
465583.00
346167.00
502334.00
297417.00
454959.00
421708.00
608958.00
386750.00
430917.00
501375.00
511333.00
379666.00
393667.00
507917.00
542000.00
390959.00
431958.00
555750.00
425709.00
560292.00
360208.00
723125.00
590667.00
580375.00
628292.00
549041.00
1198541.00
1187250.00
556209.00
800459.00
779334.00
493500.00
559625.00
477750.00
642167.00
578667.00
441417.00
639083.00
812334.00
530875.00
629167.00
597458.00
387417.00
509542.00
609917.00
470500.00
502584.00
645000.00
504500.00
604750.00
548125.00
555875.00
657000.00
485959.00
540959.00
516375.00
684541.00
663458.00
483875.00
380500.00
522500.00
469000.00
552292.00
623041.00
516833.00
630417.00
678750.00
614708.00
810334.00
614750.00
684125.00
614083.00
681709.00
623792.00
643708.00
962083.00
707500.00
649416.00
722875.00
575167.00
652583.00
665958.00
772500.00
734959.00
755958.00
716375.00
1070292.00
526625.00
693125.00
809709.00
883250.00
624750.00
983083.00
698542.00
811792.00
1112166.00
1088333.00
955167.00
734666.00
896458.00
712792.00
776625.00
604917.00
716125.00
664334.00
994167.00
903041.00
724042.00
801750.00
787250.00
725791.00
663125.00
1594209.00
688500.00
910875.00
1022667.00
1010208.00
822125.00
848000.00
825791.00
806250.00
1065708.00
1003375.00
738292.00
948875.00
914708.00
803625.00
1125917.00
853959.00
798708.00
792292.00
1103834.00
1153458.00
671667.00
924167.00
834500.00
1154666.00
886958.00
663417.00
811959.00
821000.00
891125.00
797791.00
674542.00
1012709.00
1374875.00
689750.00
905208.00
897917.00
882125.00
1176292.00
852542.00
1094500.00
1008208.00
1066208.00
672834.00
721958.00
1111500.00
629917.00
833041.00
633542.00
1106250.00
776792.00
5186000.00
1267500.00
1134166.00
1225375.00
742083.00
985792.00
988834.00
1269917.00
948916.00
822958.00
1023500.00
1188667.00
1049500.00
1120041.00
1271917.00
829750.00
1290084.00
960250.00
1217917.00
893125.00
1063875.00
976375.00
979166.00
1369291.00
1065542.00
1085042.00
1124583.00
1203750.00
1067583.00
1173000.00
1149666.00
861875.00
1059750.00
1181542.00
1130000.00
960459.00
1082875.00
1144666.00
913417.00
1018250.00
943750.00
1080500.00
1110375.00
1048083.00
1362625.00
1079000.00
1204833.00
1118375.00
1022125.00
979750.00
1045166.00
1166625.00
1072667.00
1424000.00
1067458.00
1205291.00
955292.00
1101250.00
1249375.00
1213959.00
1193250.00
1578750.00
1674917.00
1225375.00
1345375.00
1279833.00
1230917.00
1301542.00
1314292.00
1804459.00
1002375.00
1584000.00
1315291.00
1485083.00
1133500.00
1047833.00
1212500.00
1192042.00
1266500.00
1274667.00
1243000.00
1114000.00
1068333.00
1136625.00
2243625.00
1134500.00
1266708.00
1995292.00
951958.00
1655833.00
1290084.00
1243250.00
1546541.00
1237459.00
1386208.00
1092666.00
1178250.00
1316375.00
1293375.00
1543417.00
1130333.00
1369459.00
1260375.00
1679875.00
1679958.00
1973417.00
1530458.00
1398083.00
1353667.00
1695917.00
1077459.00
1794375.00
1222750.00
1185917.00
1457083.00
1434291.00
1626875.00
1561666.00
1966000.00
1234000.00
1920959.00
1211666.00
1318834.00
1370292.00
1293750.00
1320959.00
1187666.00
1244417.00
1261875.00
1479834.00
1010375.00
1328417.00
1633292.00
1379458.00
1341834.00
1347625.00
1074875.00
1733167.00
1493125.00
1399417.00
1604375.00
1423750.00
1498333.00
1370375.00
1289916.00
1391583.00
1242417.00
1466833.00
2099458.00
1208458.00
1360542.00
1588084.00
1385333.00
1546333.00
1564042.00
1410459.00
1241333.00
1448167.00
1824042.00
2492250.00
1620125.00
2228916.00
1869541.00
1567334.00
1472916.00
1636000.00
1469125.00
1103125.00
1441500.00
1485917.00
1531875.00
2412458.00
1327667.00
1666167.00
1726291.00
1709500.00
1676875.00
1507875.00
1518208.00
1684041.00
1274416.00
1923291.00
1798583.00
1678958.00
2081541.00
1501166.00
1684875.00
1402042.00
1241958.00
1415625.00
2016666.00
1266916.00
1234250.00
1567625.00
1535500.00
1296750.00
2558042.00
1375250.00
1309417.00
1900500.00
2851625.00
2401917.00
1428459.00
1511667.00
1568208.00
1296917.00
1482750.00
1849125.00
2277917.00
1568208.00
1485958.00
1768292.00
1243292.00
1377542.00
1703167.00
1760292.00
1613750.00
2204541.00
1505291.00
1650125.00
1678750.00
1961667.00
1322375.00
1697916.00
1392750.00
1495292.00
1735917.00
1948666.00
1473333.00
1582542.00
1902750.00
1634750.00
1847958.00
2321166.00
1582500.00
1576500.00
2224625.00
2085125.00
1328542.00
1555750.00
1700917.00
1833959.00
1344792.00
1934458.00
1751958.00
2243125.00
1667959.00
1892167.00
1799500.00
1412416.00
1405084.00
1864042.00
1633584.00
1833500.00
1662500.00
2290250.00
1630084.00
1466709.00
1448459.00
2991833.00
2772250.00
2163667.00
2911000.00
1573334.00
1449250.00
1908958.00
1380000.00
2332834.00
2440375.00
2143375.00
2545000.00
1557791.00
2609542.00
2794625.00
1775959.00
2724292.00
2641375.00
1879417.00
2137166.00
2300375.00
1923666.00
1742417.00
1685959.00
1814333.00
1952500.00
1726500.00
1886833.00
1876167.00
1977375.00
1854458.00
1959792.00
1773208.00
1643125.00
1850833.00
2187041.00
2068333.00
1916042.00
1985125.00
2856750.00
2554709.00
2162584.00
1851542.00
1776333.00
1756167.00
1908708.00
2157709.00
1678708.00
Throughput: 0.00 ops/sec
1843250.00
Latency Measurements (ns):
1682708.00
1555916.00
1744292.00
2274625.00
1938916.00
2038875.00
2007792.00
2652167.00
2716250.00
2124250.00
1496958.00
1828833.00
2277791.00
2038250.00
1842667.00
1655334.00
1900375.00
1852583.00
1551833.00
3473958.00
3197250.00
2133875.00
1903750.00
1912500.00
1941958.00
2056292.00
2137959.00
2208417.00
2170708.00
1598292.00
1745833.00
2007250.00
2257125.00
3499708.00
2683292.00
1994542.00
1879833.00
2126334.00
1952500.00
1821375.00
2181458.00
1945209.00
2247458.00
1926375.00
2143250.00
2036334.00
2075250.00
2773333.00
1870041.00
2850209.00
1839166.00
2025833.00
2174500.00
1831333.00
2200834.00
1882958.00
1916583.00
2057875.00
2618791.00
2031500.00
2094375.00
1765667.00
2183292.00
2279667.00
2136334.00
1847208.00
2438209.00
2343291.00
2157916.00
2224292.00
2150166.00
1836875.00
1965042.00
2129083.00
2079542.00
1636500.00
2357125.00
2318125.00
2208500.00
2331667.00
1769584.00
1838875.00
2075125.00
2171833.00
2032667.00
2066750.00
2031083.00
2338916.00
2382208.00
2151041.00
2108458.00
2214125.00
2060791.00
3301625.00
1834667.00
2984542.00
2168959.00
3367542.00
3173250.00
2142959.00
2306375.00
2138500.00
1837750.00
1793084.00
2224084.00
2960250.00
2112917.00
2197333.00
2108417.00
2330084.00
3232750.00
2273125.00
2043667.00
3647750.00
2971625.00
2111625.00
2562125.00
2891250.00
3063709.00
2601542.00
2234958.00
1691250.00
2180375.00
2192042.00
4220750.00
Throughput: 0.00 ops/sec
2572333.00
Latency Measurements (ns):
2065583.00
2155416.00
2360000.00
2823833.00
1857500.00
2783000.00
2395125.00
2476000.00
3123667.00
2451958.00
2371583.00
2347209.00
2305708.00
2625250.00
2094167.00
2233416.00
2362042.00
2826959.00
2496750.00
3029417.00
1832583.00
2302125.00
2522917.00
2233333.00
3040750.00
2363625.00
1825958.00
2488042.00
1846458.00
2754583.00
2038542.00
1733125.00
2355333.00
2339458.00
2206958.00
2503083.00
1978834.00
1970958.00
3456375.00
2599208.00
2368042.00
2388416.00
2784667.00
2301125.00
2403125.00
3551583.00
2622417.00
3696250.00
2159833.00
2843292.00
2553417.00
2210875.00
2333375.00
2499458.00
2463375.00
2202459.00
2268209.00
2569708.00
2793417.00
2795584.00
2005666.00
2494667.00
2030750.00
3431709.00
1816375.00
2483042.00
1946583.00
1959250.00
2324083.00
2289500.00
2487584.00
2309167.00
2540000.00
2581375.00
3360417.00
3454291.00
2692500.00
2655875.00
2379250.00
2677584.00
2329250.00
2148750.00
1964916.00
1906500.00
2927791.00
3145708.00
4000916.00
2484333.00
2269416.00
4312500.00
4151542.00
4650250.00
1916250.00
2405208.00
2482625.00
2492917.00
2265458.00
2711708.00
3057458.00
2580416.00
2545958.00
2647042.00
2432041.00
2640792.00
2667125.00
3267458.00
3414208.00
2685250.00
2522000.00
2692291.00
2218583.00
2669292.00
2704541.00
2750792.00
3529792.00
2464084.00
2315208.00
2083458.00
2113166.00
2694875.00
2492750.00
3469292.00
4192292.00
2936708.00
3243292.00
2664083.00
2650250.00
2023500.00
2893916.00
2895291.00
2060208.00
3070000.00
2967417.00
3639584.00
2965083.00
1970959.00
2737333.00
2469917.00
2702917.00
3717292.00
2495584.00
2322000.00
2612834.00
2938125.00
3175208.00
2568291.00
2767459.00
3337708.00
2387000.00
3173584.00
3449875.00
3369625.00
2573375.00
3061666.00
3289875.00
2943042.00
3258375.00
2756750.00
2674417.00
3352209.00
2805292.00
2782209.00
2735875.00
2857791.00
2884833.00
2962292.00
2143083.00
2812500.00
2726750.00
3463333.00
3012208.00
2618959.00
3777917.00
4068375.00
2877708.00
2648833.00
3063000.00
2634416.00
3379375.00
2567292.00
4993917.00
4770167.00
4322375.00
2939750.00
2734167.00
2454625.00
3105542.00
2883208.00
2645792.00
3224333.00
2772625.00
3380459.00
2929000.00
2574125.00
2796000.00
2932458.00
3088666.00
2297250.00
3516292.00
2410500.00
3523666.00
2814125.00
3438959.00
2859916.00
2345375.00
3236333.00
2449083.00
2319375.00
3342333.00
2559209.00
2875625.00
2841416.00
2321334.00
2960750.00
2952458.00
2710208.00
2706125.00
2793625.00
2537291.00
2253833.00
2567500.00
4311750.00
3127625.00
2774333.00
2683291.00
3139875.00
2966916.00
2869625.00
4064041.00
2980834.00
2422083.00
3121625.00
2357583.00
2638459.00
2702000.00
3945000.00
5092542.00
3210000.00
2705416.00
2742292.00
2878500.00
2865583.00
3035000.00
3406958.00
2616833.00
3419542.00
3392833.00
3093125.00
2717042.00
3170042.00
2270334.00
2818333.00
3558000.00
3576000.00
2931584.00
2940542.00
2316125.00
2949583.00
2666584.00
3214166.00
3176667.00
4144000.00
4285125.00
3238958.00
3241542.00
3033875.00
2903125.00
2935041.00
3019875.00
2978750.00
3149625.00
2860709.00
2890083.00
3098333.00
2902833.00
3065333.00
2936625.00
3007458.00
2909500.00
2993417.00
3072250.00
2996750.00
2988583.00
2932500.00
2299458.00
4170708.00
3525625.00
5071916.00
3277459.00
2780750.00
3222875.00
3473042.00
3037208.00
4475209.00
2997750.00
2974584.00
3058875.00
2975708.00
2933458.00
3215583.00
3060042.00
3203791.00
2825500.00
3211458.00
2970584.00
3233833.00
2887750.00
3335750.00
3116333.00
3141958.00
2944625.00
3085667.00
3469708.00
3526208.00
3170750.00
2967584.00
2500500.00
3265250.00
3319333.00
2889083.00
2657791.00
3130375.00
3018083.00
3131917.00
3159166.00
4025167.00
3121375.00
3103542.00
3245125.00
3315500.00
3026750.00
3401250.00
3225542.00
3851208.00
3182334.00
3438709.00
3281834.00
2519083.00
3449875.00
3090250.00
3258542.00
3962208.00
5374791.00
3144416.00
3009625.00
3311542.00
3719000.00
3803667.00
2642417.00
2923250.00
3277542.00
3490541.00
3012875.00
2926333.00
2925166.00
3172834.00
2917417.00
4154917.00
3079208.00
3223459.00
3133958.00
2747583.00
3140333.00
3669000.00
5084750.00
3383542.00
2942000.00
3203375.00
3884875.00
3473625.00
2685000.00
3221083.00
3094208.00
3176875.00
3059000.00
3449666.00
4189250.00
3401542.00
3437333.00
3404000.00
3326416.00
3578000.00
3434125.00
3203292.00
4439166.00
3382125.00
4370417.00
3431917.00
3047875.00
3301667.00
3277167.00
3167708.00
4030667.00
3411708.00
3335667.00
3810375.00
3407458.00
3307750.00
3980458.00
4512500.00
3834709.00
4201459.00
3247458.00
3275542.00
2822500.00
3885417.00
3508041.00
4435708.00
5381875.00
3450208.00
4259875.00
3775417.00
3419250.00
3294708.00
2757709.00
3306916.00
3328542.00
2597291.00
4363625.00
3869084.00
3190834.00
4547250.00
4471792.00
3910042.00
4238250.00
3760459.00
3289833.00
3791041.00
3424667.00
3218459.00
3547458.00
2739625.00
4176750.00
4689708.00
3921084.00
3331083.00
4506959.00
2938042.00
3391291.00
4203500.00
3806958.00
3279875.00
3428667.00
3879500.00
3587250.00
3634917.00
3247834.00
3270208.00
3969667.00
3667333.00
3497708.00
3395875.00
3456791.00
3494083.00
3536958.00
3524916.00
3828792.00
4361375.00
10062542.00
3367667.00
4912084.00
3491291.00
3531083.00
3583709.00
3394875.00
3717625.00
5574458.00
4726416.00
3550375.00
4122875.00
3418750.00
3668000.00
4774791.00
4062375.00
3301458.00
3777791.00
3891958.00
2989917.00
5394542.00
3487916.00
3646375.00
3679875.00
3949125.00
5120875.00
4510542.00
3842500.00
6304667.00
3549125.00
3861125.00
3155250.00
3703250.00
3103500.00
3724917.00
3787875.00
4178375.00
3714708.00
3946709.00
3395125.00
3951125.00
3530084.00
3574084.00
4143416.00
4597625.00
3890625.00
4262417.00
3423208.00
3520625.00
4566333.00
3715625.00
3861125.00
3438792.00
3393042.00
4202750.00
3528542.00
3103833.00
3663500.00
3633083.00
3706292.00
5724791.00
3484292.00
3490417.00
4812334.00
4955917.00
3873958.00
3827834.00
3876959.00
4652625.00
4646667.00
4862625.00
3601000.00
2902459.00
4013500.00
3490667.00
5211208.00
5830917.00
3721625.00
3632834.00
3763458.00
3405958.00
4025417.00
3700375.00
3817542.00
3613167.00
3578709.00
3705250.00
3617917.00
4022458.00
3624958.00
3736584.00
4101083.00
3780375.00
3061459.00
4909959.00
4136041.00
3819333.00
5073166.00
3699209.00
4487708.00
3697750.00
4308500.00
4281292.00
3083791.00
3457416.00
4068625.00
5512375.00
3640875.00
3656625.00
4022750.00
4201792.00
4218542.00
4312875.00
3250041.00
4093500.00
4261959.00
3877208.00
3796459.00
4148291.00
3858750.00
4527500.00
3991042.00
3103042.00
3843250.00
3951000.00
3591125.00
4022458.00
5129167.00
5235833.00
5590917.00
3774792.00
3959667.00
3857834.00
4045625.00
4050667.00
5545125.00
5199250.00
4566750.00
3414916.00
3682041.00
3645459.00
3452583.00
4041708.00
4511583.00
3531291.00
3797667.00
4040417.00
4105334.00
4177792.00
4319042.00
3666583.00
3610292.00
4059916.00
4795375.00
4309333.00
3735041.00
3891417.00
4203292.00
6277417.00
4235375.00
3665083.00
4215875.00
5443500.00
3854167.00
3963917.00
4253833.00
4015834.00
4181250.00
4969208.00
4819166.00
3646167.00
3785959.00
3868291.00
3773291.00
3972292.00
4095458.00
3704125.00
3906292.00
4884375.00
6656833.00
4334500.00
3992292.00
3824708.00
3766000.00
4210084.00
4478584.00
4053583.00
4409959.00
3765625.00
4697083.00
3874209.00
3914375.00
4890292.00
7382792.00
5210542.00
5467125.00
4501000.00
4416625.00
5478625.00
3971709.00
4063166.00
3708500.00
5404708.00
4112041.00
6060208.00
4837500.00
4257167.00
3880209.00
5443667.00
4271875.00
5122875.00
3960917.00
3917666.00
3965459.00
3918917.00
4268375.00
5000917.00
5010500.00
4327542.00
3708792.00
4081209.00
4913333.00
5295125.00
4776500.00
4595625.00
4016667.00
4827042.00
5156666.00
3935500.00
5077750.00
5348459.00
5357625.00
4842000.00
4038250.00
4744333.00
5373917.00
4324667.00
6019959.00
5338958.00
4639791.00
3891375.00
3851917.00
4825625.00
4658083.00
3872708.00
5433042.00
4008417.00
5385916.00
7436542.00
4823292.00
7307250.00
4083417.00
4411042.00
4678208.00
6108166.00
4286875.00
4415292.00
4140167.00
4681041.00
4723875.00
4489792.00
4583917.00
4194500.00
5436375.00
4846750.00
4786709.00
4374625.00
4152542.00
5016792.00
4582292.00
3973417.00
4083625.00
4293041.00
5412792.00
6890708.00
4769834.00
3905125.00
4119875.00
4530166.00
6995416.00
5272708.00
7312500.00
7052000.00
4595958.00
5246667.00
4652583.00
4099625.00
4432833.00
5106166.00
7966750.00
6108209.00
4325917.00
5478042.00
4366625.00
5357333.00
4176625.00
5043666.00
4523625.00
4134917.00
4354625.00
4938500.00
5486709.00
7565459.00
4618834.00
4213875.00
4560250.00
4442708.00
5867458.00
4459458.00
4771916.00
4414500.00
4637250.00
4660167.00
4338958.00
4209542.00
4121083.00
5379125.00
4200792.00
4114875.00
4771708.00
5492250.00
6039167.00
5624458.00
4559875.00
4984125.00
5988333.00
4602834.00
4448541.00
4687209.00
4633459.00
4234000.00
4645792.00
4399083.00
4765292.00
4409791.00
5318375.00
4533666.00
5963500.00
3556750.00
5408458.00
5844084.00
4832041.00
4927875.00
4296208.00
3971458.00
4862208.00
6834417.00
4607875.00
5181500.00
4212291.00
3833500.00
4701459.00
4480084.00
5877958.00
4379375.00
5770708.00
4700792.00
4115208.00
5438500.00
5935458.00
4364000.00
4388292.00
5015291.00
6482708.00
4350125.00
4836958.00
4947875.00
5526458.00
4461250.00
4819042.00
5905958.00
4427084.00
4916708.00
4653291.00
4671083.00
4618584.00
4728458.00
4673458.00
4797625.00
3993209.00
4541417.00
4148083.00
7594417.00
5310833.00
5200083.00
4147042.00
5545167.00
4879167.00
4787708.00
4931750.00
6121125.00
4618958.00
5583375.00
5841875.00
4322875.00
4427375.00
4865750.00
5435750.00
4459792.00
3991917.00
5587042.00
4648208.00
5690917.00
4500625.00
4534708.00
4827875.00
5566958.00
4396750.00
6037917.00
5009917.00
4676291.00
4831500.00
4875250.00
5145625.00
5242666.00
4719042.00
4541292.00
4711000.00
5341500.00
5212458.00
5062375.00
4415334.00
6034625.00
4449166.00
5512291.00
4631875.00
5004333.00
4306500.00
5819417.00
6441250.00
5024000.00
4845083.00
4410250.00
4766291.00
6127792.00
4243667.00
5129708.00
5888166.00
4334833.00
5253583.00
5118958.00
4859542.00
5183625.00
6070541.00
4304125.00
6152167.00
5290208.00
5643583.00
4352208.00
5695917.00
6478417.00
6426500.00
4920250.00
4335250.00
7091208.00
6004500.00
4973291.00
5122375.00
6335292.00
4450458.00
5618500.00
4970125.00
5932167.00
6435375.00
5164625.00
4861333.00
7216792.00
4817917.00
6467250.00
5197625.00
5020459.00
5212000.00
4542917.00
4102542.00
5074125.00
8045250.00
4661167.00
5607000.00
5609458.00
6593125.00
5147166.00
6223625.00
4771750.00
5610667.00
6701333.00
6120084.00
5537500.00
5373292.00
8071416.00
5911292.00
4780042.00
4848292.00
4960083.00
4813916.00
6958791.00
5027291.00
6608375.00
5271334.00
5053542.00
5203625.00
5376333.00
4907125.00
7452000.00
5995958.00
7294417.00
8304833.00
6729917.00
7230875.00
6410875.00
7966958.00
7445125.00
8513000.00
6335208.00
6038875.00
6458166.00
5929708.00
6846833.00
5755250.00
9946500.00
10598667.00
8276042.00
8212917.00
7204916.00
6897459.00
6013833.00
8488834.00
7800292.00
7938125.00
7765083.00
6258458.00
6698500.00
7406584.00
4942750.00
5335833.00
5330125.00
6589875.00
6066000.00
5153000.00
6013917.00
5255041.00
4798958.00
5749833.00
5410208.00
5128333.00
5090125.00
5364917.00
4769583.00
5504417.00
6385500.00
5839583.00
5025083.00
4986791.00
7030583.00
5291792.00
7892667.00
6830167.00
6558459.00
6047125.00
6234417.00
5383625.00
5261000.00
5668333.00
6925916.00
5302958.00
5059667.00
5584125.00
6507708.00
5219958.00
5120041.00
4515041.00
5573000.00
6314708.00
5377791.00
7169542.00
8963833.00
7053416.00
10779292.00
5496291.00
5216834.00
6742875.00
5008708.00
6799042.00
5366416.00
4012209.00
5375125.00
5798584.00
5502000.00
5354959.00
6733125.00
5101291.00
6327042.00
5311292.00
5913000.00
5985958.00
4524458.00
5466375.00
6140708.00
6912833.00
5307000.00
5176916.00
7005250.00
6054583.00
4923250.00
5908291.00
8629041.00
6276167.00
6339500.00
5013709.00
5091250.00
5432625.00
5239709.00
6028459.00
5111708.00
5506125.00
5457625.00
5166208.00
5500833.00
5980083.00
7999417.00
7133458.00
5729542.00
4924417.00
5465375.00
6465958.00
6235875.00
5309541.00
5670459.00
5514125.00
5349750.00
5984542.00
5624125.00
5854125.00
6903500.00
5965834.00
7480667.00
6136875.00
5768417.00
5602500.00
5405542.00
5469750.00
5586750.00
5483750.00
5683833.00
6393333.00
4908458.00
6374042.00
5290333.00
6045959.00
6249292.00
6178666.00
5543250.00
5815125.00
5534416.00
5212916.00
8237834.00
6098709.00
6246417.00
6942625.00
5937333.00
7566666.00
5796958.00
6719666.00
5997333.00
5964875.00
7022167.00
5893292.00
5560416.00
5390292.00
5508792.00
5691208.00
5479500.00
4633333.00
5906000.00
5176667.00
5996084.00
7820625.00
5119875.00
5644667.00
4313500.00
9522458.00
7095667.00
5849000.00
6849958.00
6201792.00
5582125.00
5721250.00
6764959.00
5649709.00
5748750.00
5822291.00
6337375.00
5287917.00
5758959.00
5728417.00
5808417.00
5659792.00
5760500.00
6042292.00
6157958.00
5656959.00
5617125.00
5645083.00
5465209.00
5801958.00
5698666.00
6410125.00
5922959.00
5365042.00
6049125.00
6446167.00
5770084.00
5364958.00
6045542.00
6464459.00
4862834.00
7725791.00
6065208.00
5746584.00
5734167.00
5790958.00
5463500.00
5585959.00
6256416.00
5831792.00
5663250.00
6890541.00
5643667.00
6031917.00
5980416.00
5901834.00
5532375.00
5440333.00
5748417.00
5454333.00
6202541.00
7815666.00
4894375.00
5896958.00
5818959.00
5262375.00
6880541.00
5411708.00
8053084.00
6186250.00
10240083.00
5967167.00
5890041.00
6197666.00
5351250.00
4518417.00
7869208.00
6098833.00
6117458.00
5132542.00
6730000.00
5923959.00
6641834.00
5651166.00
5897958.00
5460625.00
5997834.00
5653250.00
6144459.00
7239667.00
6078250.00
5670958.00
5519250.00
6969667.00
7831541.00
6124667.00
6285750.00
6034875.00
7036083.00
5668000.00
6510792.00
6332750.00
8818500.00
7309917.00
7747667.00
5337208.00
5151917.00
7970875.00
10629083.00
7961667.00
6459584.00
5833084.00
6613875.00
7734750.00
6191541.00
5798708.00
5275709.00
5488959.00
5372209.00
5753875.00
6001333.00
6291958.00
6496083.00
6086292.00
6661458.00
5893375.00
6698875.00
7897792.00
6304666.00
6230250.00
5802292.00
6052875.00
8389375.00
5800667.00
6512875.00
5067416.00
5846500.00
8537625.00
5618458.00
6436167.00
9563125.00
5392708.00
6282750.00
7533292.00
7360041.00
7784541.00
5717208.00
5886042.00
6312208.00
7696542.00
6299250.00
6696416.00
6361833.00
5797083.00
7984042.00
6302917.00
5963292.00
5891000.00
6845583.00
5801083.00
7322000.00
7058791.00
5568750.00
6054833.00
6293291.00
5511792.00
8901333.00
6900250.00
6358375.00
6236500.00
6286375.00
7092083.00
7468125.00
6002208.00
5918792.00
7573583.00
8348500.00
5955250.00
6198083.00
5964292.00
6861125.00
6893584.00
6058375.00
5872459.00
5801167.00
6687042.00
5781583.00
5596708.00
6201959.00
5853041.00
6381708.00
6110792.00
6687833.00
5552208.00
6531458.00
6730959.00
7318666.00
5855208.00
8494584.00
5494750.00
8475292.00
6289958.00
6192791.00
6223125.00
6940333.00
5546875.00
5885458.00
6287958.00
6298750.00
7874667.00
6060083.00
8627875.00
6470250.00
6567916.00
5332041.00
5806000.00
6671500.00
6415041.00
9361292.00
6861208.00
8459125.00
5639542.00
6486167.00
6984250.00
5750584.00
6557792.00
6487292.00
5837250.00
6856542.00
5742458.00
6343834.00
6155000.00
6521750.00
6672042.00
27334000.00
6099500.00
6820333.00
6207625.00
6372541.00
7453375.00
7226250.00
6341625.00
6224458.00
6352917.00
5805833.00
6271875.00
7365666.00
6979667.00
6415625.00
6424542.00
6492958.00
6448167.00
6318834.00
5978750.00
8438584.00
6613208.00
6498458.00
6544541.00
6574084.00
6419459.00
6747833.00
5510959.00
6294917.00
7270125.00
7274791.00
6109125.00
6497000.00
6236708.00
6960875.00
7436708.00
7508167.00
7054459.00
6646500.00
6466916.00
6281083.00
6722834.00
6075209.00
6216250.00
7265958.00
7856125.00
6455792.00
6226000.00
7572583.00
6513792.00
6816916.00
6707709.00
6598792.00
7171084.00
6556250.00
6488583.00
6434042.00
6380500.00
6408458.00
6869666.00
7294541.00
6775291.00
6587125.00
6480166.00
9199708.00
6424625.00
7259250.00
6678625.00
6590458.00
6895458.00
8052750.00
6619541.00
6220208.00
6492708.00
6040708.00
7355875.00
6967958.00
8763916.00
7889083.00
7547834.00
7162166.00
7038708.00
5809500.00
7328541.00
11132750.00
6562500.00
7919959.00
7871833.00
6006208.00
8081916.00
10178667.00
6756084.00
8303291.00
5892583.00
6997583.00
5946792.00
5841083.00
7798792.00
6978667.00
6416125.00
6852500.00
6818667.00
8513875.00
6158458.00
6037500.00
6929417.00
8815167.00
6618042.00
7384792.00
6874042.00
6298583.00
7001791.00
7206792.00
8957792.00
7195708.00
6418500.00
11041000.00
5909208.00
6696375.00
7326625.00
6177542.00
6523708.00
6980625.00
6722958.00
7460083.00
7067666.00
6332167.00
8027875.00
8181834.00
6677042.00
7724791.00
6352583.00
7004542.00
7121542.00
6585292.00
7743541.00
7419750.00
6724833.00
7568583.00
6842208.00
6812250.00
7904958.00
6651041.00
8509084.00
7324792.00
8132541.00
8450833.00
6998917.00
6246083.00
6715166.00
6819125.00
6645167.00
7061958.00
6762625.00
6254750.00
6923875.00
10476458.00
6267916.00
5852542.00
6760125.00
8529792.00
7328584.00
5712666.00
7919625.00
6381500.00
6752792.00
8057667.00
7255708.00
8818042.00
7981916.00
7318458.00
7032084.00
6710459.00
6812250.00
7166000.00
6816917.00
8775208.00
6915459.00
6597667.00
6972583.00
6644916.00
6320792.00
6595791.00
6626375.00
7188500.00
8816459.00
8864750.00
7081250.00
8533917.00
8602542.00
7356667.00
8065750.00
6746500.00
6579334.00
6640292.00
7345416.00
8582833.00
7244916.00
5309917.00
6462959.00
6519041.00
6561250.00
6741250.00
6766792.00
6538500.00
7188291.00
6964542.00
7578209.00
7244917.00
6894375.00
7500666.00
6875334.00
7517750.00
6809667.00
7108709.00
8070000.00
6930791.00
5986875.00
8562333.00
7605000.00
8321792.00
6668875.00
7496625.00
7654625.00
7259208.00
6918583.00
6903834.00
7056250.00
6789917.00
6817083.00
7260000.00
7725250.00
6883500.00
6835833.00
7333542.00
6933500.00
8650458.00
8390042.00
7908625.00
6739042.00
6561917.00
6591750.00
8779000.00
6363792.00
6443792.00
8978875.00
8672209.00
7556250.00
7576209.00
6699292.00
6834417.00
7116333.00
7099792.00
6864666.00
7811917.00
7729167.00
7055666.00
8135542.00
7126042.00
7439625.00
6306333.00
7163375.00
6481917.00
9022750.00
8421459.00
8168875.00
8480041.00
9557500.00
6897042.00
7610375.00
9515125.00
7719333.00
6800417.00
6090291.00
7088625.00
8076042.00
7992917.00
6743959.00
9273042.00
6789416.00
6769542.00
7348208.00
8643750.00
8300292.00
7744125.00
9541042.00
7298625.00
6984625.00
8880375.00
8310459.00
9013542.00
8854708.00
7085541.00
10680416.00
7160000.00
7092750.00
6479041.00
8670583.00
7750625.00
6365125.00
6949750.00
6639000.00
6529667.00
8485333.00
11013250.00
8603750.00
7299083.00
7143375.00
12392959.00
7575833.00
7015042.00
7401917.00
7988917.00
7401708.00
7371958.00
8960041.00
8871375.00
8166833.00
7881583.00
9649750.00
8225208.00
10053750.00
6861875.00
8150750.00
6823750.00
7542833.00
7173417.00
7442916.00
8524041.00
6409625.00
6862542.00
7251417.00
8915500.00
7540833.00
8237083.00
7898625.00
7228625.00
7391500.00
7392833.00
Throughput: 0.00 ops/sec
Latency Measurements (ns):
7364500.00
8059250.00
7616667.00
7765875.00
8377500.00
9792125.00
8755375.00
9056334.00
9134000.00
7390209.00
6643083.00
7029708.00
8001709.00
7229584.00
7548166.00
9391541.00
8759458.00
7573291.00
7443542.00
9217000.00
8996834.00
8857583.00
7384750.00
6910125.00
6456208.00
7029541.00
6677958.00
9248375.00
7013416.00
7292959.00
7344041.00
8685209.00
8715084.00
9292208.00
9323000.00
7389208.00
7408417.00
6507417.00
6473458.00
7875167.00
7660458.00
7528458.00
8014375.00
8386584.00
6819791.00
10041500.00
8750500.00
7327709.00
7569708.00
8890792.00
7822250.00
7094291.00
7037500.00
9683667.00
9579834.00
7518333.00
7727666.00
7220916.00
7253125.00
9641000.00
7186250.00
7213667.00
8193750.00
7673584.00
9143208.00
7962542.00
8251500.00
7683000.00
8946709.00
7227042.00
8364625.00
8344500.00
7584959.00
7017167.00
7230042.00
7538666.00
7529292.00
7986500.00
7449708.00
7421625.00
7322250.00
10024041.00
8117250.00
7590083.00
6532916.00
9768166.00
8552334.00
6758750.00
9044917.00
7846833.00
8498375.00
7660208.00
9253416.00
7502167.00
7661208.00
9322791.00
7937291.00
8629417.00
9096334.00
7548958.00
7990125.00
6937833.00
7422041.00
7779292.00
7451416.00
7615584.00
10335250.00
7732083.00
7561000.00
11236500.00
8082500.00
8311292.00
7090416.00
7726750.00
6716125.00
10983000.00
7080000.00
7876292.00
9012875.00
8005500.00
6695042.00
7868708.00
9871458.00
8638250.00
7402708.00
7558750.00
8690209.00
9018334.00
9797125.00
84941958.00
8285875.00
9498000.00
7751000.00
10667959.00
9380666.00
Throughput: 0.00 ops/sec
Latency Measurements (ns):
Throughput: 0.00 ops/sec
Throughput: 0.00 ops/sec
Latency Measurements (ns):
Latency Measurements (ns):
Throughput: 0.00 ops/sec
Throughput: 0.00 ops/sec
Latency Measurements (ns):
Latency Measurements (ns):
Throughput: 113.33 ops/sec
Latency Measurements (ns):
8336042.00
8600709.00
6260000.00
7362875.00
6842250.00
9578292.00
8911375.00
7190667.00
7542167.00
8261375.00
7382542.00
8138916.00
8900625.00
7434417.00
10483333.00
7564292.00
7652500.00
10193083.00
8533834.00
7462084.00
7653583.00
6989416.00
7885042.00
8058625.00
7299167.00
7733000.00
7157500.00
7583875.00
8449291.00
12943583.00
9571709.00
8091417.00
8196625.00
8156417.00
9000166.00
10678208.00
7309542.00
8316500.00
7687792.00
8055833.00
8112250.00
11296083.00
7280250.00
8948209.00
7474042.00
7489041.00
10141708.00
10821208.00
11048083.00
7909792.00
8158125.00
8272750.00
8497250.00
8513083.00
7284958.00
7440333.00
7877583.00
8531125.00
7294250.00
7747625.00
7524125.00
11089916.00
8684375.00
8205542.00
7703458.00
11568125.00
7563375.00
8492250.00
11008958.00
7463583.00
9740167.00
8260208.00
7733416.00
7960500.00
11038334.00
9040500.00
10485458.00
9514500.00
9134125.00
10080250.00
8731333.00
7022666.00
8080792.00
7615417.00
8068167.00
7761083.00
7496833.00
9439875.00
7969584.00
9156792.00
7165292.00
8418208.00
7588667.00
9305209.00
7401083.00
8885667.00
9247708.00
7780125.00
7370167.00
9330416.00
10602084.00
9581042.00
10153083.00
8126125.00
8090042.00
9420958.00
8914458.00
7707750.00
7919958.00
7368709.00
12245834.00
11363959.00
9433584.00
7810542.00
9516833.00
9415417.00
10268750.00
10596375.00
9543250.00
9180709.00
8527917.00
7814792.00
11919250.00
8549500.00
8052792.00
6835625.00
7668375.00
11884125.00
9836667.00
10635000.00
7595541.00
8410375.00
8299083.00
7699750.00
7709291.00
7770500.00
9175709.00
9657500.00
7633500.00
10079292.00
7486041.00
9547833.00
8817708.00
9942458.00
8553375.00
8535875.00
8089209.00
8104667.00
8155875.00
9240667.00
10281416.00
8773167.00
8518834.00
9463417.00
9999791.00
11072333.00
16650166.00
8761916.00
8418792.00
7586292.00
8011875.00
10425041.00
7739459.00
16121125.00
10030000.00
7904333.00
7429625.00
13102541.00
8634542.00
10799375.00
10502000.00
8584625.00
10808500.00
9648042.00
10303500.00
8654917.00
10700625.00
11576583.00
8350750.00
8739792.00
8303500.00
7776167.00
8319250.00
11876208.00
9991750.00
9244666.00
7770250.00
9004750.00
8054250.00
10897042.00
11040083.00
9385833.00
9655500.00
9993416.00
9906791.00
10785959.00
8500666.00
8528958.00
8543708.00
11464000.00
7590333.00
9364250.00
8864708.00
10618875.00
8260000.00
8542416.00
9097125.00
8137916.00
10354708.00
7743166.00
7572375.00
10525792.00
10418584.00
10837958.00
10134834.00
8686459.00
8139417.00
8144500.00
11077500.00
8858625.00
8726083.00
9772209.00
10237708.00
9437250.00
8352583.00
10755333.00
10444250.00
8039667.00
10291083.00
10018667.00
10711541.00
9649625.00
9490833.00
9388583.00
9268458.00
9369000.00
9401583.00
7726292.00
10627875.00
10224708.00
10155042.00
9079917.00
8026833.00
8333334.00
9972958.00
10111458.00
Throughput: 0.00 ops/sec
10499750.00
Latency Measurements (ns):
8453209.00
8596666.00
10356792.00
9299542.00
10817708.00
9695542.00
7544167.00
8993750.00
9846084.00
11420417.00
8573458.00
8739750.00
8183375.00
8743208.00
7895709.00
7976959.00
10837708.00
10501500.00
10567000.00
9989375.00
9905750.00
8505584.00
10355084.00
9951125.00
10106667.00
8275750.00
8913500.00
8863625.00
8578958.00
13079833.00
10298792.00
8754708.00
9786208.00
10057916.00
11149958.00
7880000.00
8063458.00
10282709.00
10387917.00
7935375.00
10786792.00
10100792.00
10855000.00
8892959.00
8038917.00
10014834.00
8640500.00
9429750.00
7710833.00
10412959.00
7909084.00
8876875.00
12185000.00
9761542.00
7467625.00
9105000.00
10870291.00
10264000.00
10796958.00
8426875.00
11140334.00
8970334.00
8653250.00
7867375.00
8426416.00
10880208.00
13783500.00
10711958.00
10558167.00
7812458.00
9014167.00
13138833.00
9818333.00
9018500.00
7900125.00
10435667.00
7820958.00
9291167.00
11264125.00
9979709.00
10246459.00
8602708.00
10240167.00
12872667.00
8018667.00
9830583.00
8761417.00
11001625.00
10806166.00
8659500.00
8624584.00
8679083.00
33932667.00
9771416.00
10391583.00
9310166.00
8650333.00
8182209.00
8228584.00
8575208.00
8326875.00
8094708.00
8737625.00
8854959.00
14086375.00
12084208.00
8189541.00
8844875.00
8737042.00
10587875.00
10737333.00
12634666.00
10288000.00
11371375.00
8011792.00
10458042.00
8052000.00
10950834.00
12813916.00
8925750.00
14548000.00
8979833.00
8524375.00
9306750.00
9956083.00
12203667.00
10081542.00
8707542.00
8431792.00
11924042.00
11691666.00
10129417.00
12120291.00
8423625.00
10563916.00
12594458.00
11312667.00
11352792.00
10907583.00
10859583.00
9984708.00
10594542.00
10793500.00
10665167.00
11086458.00
8598750.00
9621709.00
9371875.00
11573417.00
14675708.00
10290375.00
8811917.00
9273792.00
10596459.00
8814458.00
8615833.00
9450666.00
11269750.00
8421708.00
10716167.00
11201083.00
8992042.00
9549458.00
9622292.00
10963416.00
Throughput: 0.00 ops/sec
9430458.00
Latency Measurements (ns):
8625583.00
8761666.00
9195708.00
9230291.00
8666166.00
12514208.00
10496625.00
11863500.00
10954625.00
11818667.00
11582542.00
8773167.00
9120292.00
11055458.00
9766166.00
9854875.00
10151584.00
9520292.00
9916166.00
9310500.00
12268750.00
8689083.00
11227042.00
10798208.00
8484167.00
9104500.00
9401666.00
9170292.00
9149209.00
8914833.00
12767375.00
8853875.00
9643125.00
8756125.00
10663250.00
9568625.00
11807791.00
9590750.00
9175875.00
12571667.00
9430500.00
13782500.00
12111625.00
11463875.00
8240417.00
10785833.00
10258250.00
10686667.00
15318250.00
8276292.00
10647166.00
11023875.00
10490167.00
10875125.00
11663208.00
9280541.00
11172500.00
12190708.00
11115792.00
11823625.00
9350666.00
9666000.00
10267417.00
12688292.00
9566250.00
9554375.00
9768083.00
12838542.00
9219416.00
11603083.00
12052709.00
9172417.00
10215167.00
9113708.00
10555625.00
8374625.00
10189167.00
13363250.00
9710291.00
8837875.00
8808292.00
8191625.00
9389458.00
9548875.00
9651750.00
10005792.00
9435375.00
8035583.00
11883875.00
9929500.00
9055375.00
10291500.00
12395292.00
9260042.00
8154750.00
8913208.00
9150000.00
10236542.00
9518000.00
10151875.00
11053375.00
8448167.00
10534667.00
9990375.00
11426459.00
8597208.00
9465500.00
11269417.00
11676416.00
12698708.00
11093208.00
8742583.00
8375666.00
10606500.00
9881583.00
8953416.00
12536250.00
10988375.00
10977375.00
8193042.00
10381750.00
9340292.00
11615334.00
Throughput: 0.00 ops/sec
11295500.00
Latency Measurements (ns):
12361250.00
9042000.00
11646292.00
11030250.00
10252875.00
9787750.00
9439417.00
9373833.00
9953375.00
9549375.00
11866667.00
11687333.00
8564458.00
12536042.00
9391416.00
12890333.00
9875709.00
12769375.00
10095291.00
9917375.00
10641583.00
10418125.00
10592875.00
11356375.00
10655625.00
9705917.00
9796083.00
9346500.00
9899625.00
11080292.00
9846542.00
11760333.00
11362084.00
12355792.00
9601542.00
12337125.00
10674958.00
9864750.00
13768291.00
9237959.00
12818791.00
9843292.00
11024917.00
9500792.00
10061208.00
11072666.00
12094875.00
11407500.00
11873875.00
9703000.00
9482708.00
10848917.00
9314583.00
10149791.00
11976042.00
13070042.00
11221833.00
9933958.00
9015583.00
10753708.00
12034042.00
8279834.00
10004292.00
10079417.00
9982000.00
12286292.00
9646083.00
12258625.00
12949125.00
9726125.00
10587125.00
9321375.00
12181292.00
9191625.00
12449750.00
10295541.00
9649917.00
9897500.00
11897083.00
8951417.00
10521208.00
9942708.00
12332500.00
9302375.00
11425375.00
9209167.00
10161667.00
13793959.00
9544916.00
13107250.00
9820458.00
12391000.00
9857625.00
9973166.00
10157000.00
10317500.00
11530333.00
11690333.00
14431000.00
9695583.00
9629459.00
9938166.00
10615750.00
9434166.00
10211042.00
11279333.00
8658125.00
12782708.00
10403708.00
11257750.00
13766500.00
9511417.00
10430500.00
10717875.00
9192875.00
17762833.00
13872750.00
11786375.00
10130333.00
10060917.00
10482084.00
9553042.00
13709000.00
8860458.00
12103625.00
12090708.00
12025500.00
9661458.00
10926833.00
13087042.00
9286500.00
9451666.00
8916333.00
12605917.00
10235834.00
16164083.00
10194666.00
10782167.00
9169292.00
12498708.00
11942125.00
11883541.00
11681583.00
10924458.00
10766875.00
11565583.00
12234333.00
9315959.00
12373458.00
10374042.00
13161542.00
10140583.00
9351084.00
9994000.00
10297792.00
10291833.00
10054459.00
10053250.00
11255750.00
10291000.00
10522500.00
11656125.00
12876459.00
11555833.00
10161167.00
10727083.00
13381916.00
12464417.00
9811500.00
10258625.00
9996458.00
12466209.00
10159208.00
15191000.00
11582958.00
10290833.00
10045334.00
10591792.00
9330333.00
12185458.00
9816209.00
9660959.00
10587750.00
10487583.00
12547000.00
9305834.00
11206208.00
12423750.00
9705209.00
10672750.00
12395834.00
11597500.00
10202500.00
11037458.00
10419333.00
12702333.00
10138917.00
14110250.00
10317709.00
10113083.00
10405000.00
10452792.00
12667666.00
9417583.00
9114291.00
12315000.00
12700209.00
12677917.00
9366291.00
9844250.00
9287458.00
11778250.00
10126125.00
10825417.00
10602333.00
10173167.00
12563000.00
10654541.00
15489500.00
9280291.00
12733084.00
11073500.00
13871000.00
12494459.00
10456917.00
10045875.00
10518625.00
12430542.00
11966125.00
11879459.00
11412041.00
11220125.00
11645000.00
11679000.00
12133791.00
11390708.00
10204875.00
10206833.00
10311250.00
12037292.00
10044750.00
11205792.00
11524042.00
12879750.00
10381250.00
12849833.00
10975000.00
9383334.00
11458917.00
9404625.00
11664667.00
12990166.00
13560166.00
10956167.00
11695459.00
10600583.00
15125459.00
10295625.00
10501042.00
10363000.00
12524167.00
11405834.00
9698833.00
10132125.00
12204959.00
12153584.00
10063958.00
13199750.00
12415042.00
13545125.00
12681375.00
12029083.00
10629625.00
12689000.00
13222542.00
11123708.00
12208917.00
11088083.00
9877542.00
10072000.00
10744917.00
10363375.00
12235041.00
9124167.00
11947125.00
13216375.00
11953125.00
12387500.00
12593709.00
10370958.00
13604959.00
10367084.00
12113167.00
12759375.00
10658625.00
12552584.00
14012167.00
9021125.00
13115458.00
12154791.00
10132291.00
11484458.00
10393708.00
12813125.00
11192000.00
10514834.00
10193166.00
11642958.00
15080125.00
11348000.00
11337625.00
11158333.00
11369583.00
9433041.00
13765542.00
14812041.00
10771458.00
12160500.00
10734084.00
9692666.00
12905917.00
14579583.00
10849667.00
10088208.00
13708334.00
14368250.00
15111375.00
11112250.00
11918041.00
11287500.00
10901750.00
10298417.00
11398083.00
10131500.00
10378459.00
10963292.00
11081708.00
10793750.00
11638416.00
11612250.00
11254250.00
10697041.00
10966750.00
10239666.00
10470875.00
9634875.00
9585834.00
14037291.00
11551000.00
11337708.00
10761042.00
14471292.00
13793291.00
11364833.00
10888292.00
11789959.00
11916750.00
10970334.00
10858209.00
14747417.00
12344709.00
14359291.00
9533709.00
17878959.00
10553125.00
10503875.00
13476792.00
13318791.00
11603084.00
11267084.00
112061875.00
11365250.00
13707167.00
10532666.00
12814958.00
11235000.00
10309833.00
13790083.00
11557125.00
11647167.00
12996750.00
10894375.00
14882500.00
12562209.00
13133958.00
11471459.00
10793291.00
10716125.00
11023917.00
11574125.00
Throughput: 0.00 ops/sec
Latency Measurements (ns):
Throughput: 0.00 ops/sec
Latency Measurements (ns):
Throughput: 0.00 ops/sec
Latency Measurements (ns):
Throughput: 89.62 ops/sec
Latency Measurements (ns):
15034708.00
13978583.00
11611625.00
11385542.00
11389334.00
11237333.00
9882333.00
11386416.00
12318125.00
11048792.00
11940209.00
12896292.00
14618041.00
16098292.00
10458708.00
11211209.00
14499959.00
10859541.00
10887958.00
11205291.00
16460375.00
14095708.00
11269333.00
10989833.00
10543958.00
10542333.00
11430584.00
10983917.00
16492000.00
13063084.00
11264417.00
10911375.00
16604083.00
11907084.00
11907333.00
11958375.00
15853500.00
10680667.00
10270416.00
13636500.00
12620083.00
13306916.00
14388000.00
10636125.00
14257958.00
10698834.00
11035000.00
11338458.00
10101625.00
11109208.00
13236208.00
13778209.00
11667875.00
11411875.00
11373000.00
11476292.00
12436083.00
11788209.00
9988208.00
14019208.00
13484042.00
13145042.00
15472959.00
13771333.00
14722333.00
13140542.00
11520500.00
15204708.00
12272167.00
15425125.00
11672917.00
11008750.00
10468292.00
14522167.00
12206375.00
13465334.00
11959875.00
11799417.00
13648542.00
10240334.00
11634292.00
11280750.00
10704292.00
12682875.00
14819375.00
11732125.00
12185375.00
15153584.00
13002208.00
11052417.00
13591500.00
12370833.00
11681458.00
11920167.00
10150292.00
13213000.00
11996334.00
12623917.00
9311250.00
11809417.00
10606458.00
11997250.00
12305084.00
13171042.00
12254458.00
15189958.00
10090458.00
13922125.00
10471417.00
14750667.00
15068417.00
11111667.00
10496542.00
14213375.00
12312084.00
11061583.00
14273375.00
14041250.00
13913958.00
11287125.00
12126500.00
13676167.00
10422041.00
13298625.00
15205875.00
10807750.00
11306083.00
13387500.00
9350292.00
13689417.00
13425959.00
11419667.00
11651500.00
10964667.00
15832000.00
14822792.00
11876166.00
14037375.00
14300625.00
11211250.00
14708041.00
11024833.00
10712042.00
10949250.00
11924375.00
11398334.00
12057041.00
10063750.00
14667500.00
10527042.00
15458875.00
12432792.00
11649959.00
11250458.00
11775875.00
11305875.00
13683917.00
15036250.00
12722125.00
12918916.00
16020084.00
15055250.00
13262041.00
13378292.00
11745334.00
11686916.00
15089750.00
12664083.00
12616167.00
15827625.00
12231000.00
13881375.00
10762834.00
14574708.00
12638625.00
15144500.00
11754917.00
12665541.00
12875167.00
13065666.00
12265041.00
10327917.00
10718334.00
13583584.00
17399250.00
12509458.00
11555334.00
11727292.00
13557708.00
12340292.00
12785375.00
11675125.00
12252417.00
11567333.00
16825625.00
11357042.00
14587625.00
12018750.00
13135250.00
12292917.00
13711875.00
11619208.00
14645875.00
12105708.00
10512209.00
12619792.00
12975000.00
12157541.00
12622875.00
11942125.00
11954167.00
12103334.00
14589750.00
12996708.00
14969959.00
15146666.00
12017291.00
15432209.00
11073125.00
11307959.00
14936625.00
13975500.00
11958958.00
11698500.00
11855042.00
85646125.00
12004417.00
10630125.00
11017542.00
13430042.00
Throughput: 0.00 ops/sec
11015625.00
Latency Measurements (ns):
12207125.00
10689042.00
11854625.00
14568208.00
11213708.00
Throughput: 0.00 ops/sec
11774208.00
Latency Measurements (ns):
11859166.00
Throughput: 0.00 ops/sec
10068916.00
Latency Measurements (ns):
13076000.00
Throughput: 0.00 ops/sec
Latency Measurements (ns):
12201000.00
12562292.00
Throughput: 0.00 ops/sec
12009125.00
Latency Measurements (ns):
13104042.00
10761291.00
10269917.00
15072916.00
11753958.00
13605083.00
12273042.00
12010541.00
12623000.00
11745041.00
12227292.00
13539000.00
11618334.00
11814458.00
11681000.00
12069625.00
11567666.00
12160208.00
12160792.00
13869917.00
13579916.00
12312459.00
15088125.00
11118333.00
13531625.00
12468042.00
10761417.00
12497042.00
11367833.00
12166958.00
12077708.00
11399250.00
12142333.00
12035708.00
11286959.00
12008208.00
11195334.00
13282792.00
13984000.00
12150333.00
10828250.00
10931417.00
11385125.00
13501458.00
12090500.00
16656125.00
11597667.00
12218875.00
10860959.00
11775791.00
15506750.00
11985000.00
14300542.00
28491042.00
160612583.00
146559583.00
14133792.00
11016958.00
12840125.00
26485500.00
78718625.00
33924208.00
36476167.00
11761333.00
12353208.00
17250166.00
16229542.00
11534000.00
13896584.00
10993042.00
12172958.00
27158209.00
35285458.00
16515958.00
11334000.00
15574125.00
12518000.00
17511125.00
18414667.00
12100792.00
14150959.00
16727625.00
13703584.00
15969958.00
15325209.00
12095625.00
11647834.00
16589250.00
19348583.00
12582375.00
13896750.00
14248875.00
16824708.00
15762584.00
12958167.00
14401125.00
15919834.00
14327417.00
67946417.00
14257333.00
12059625.00
18527875.00
13216417.00
12137875.00
14093667.00
14850542.00
12453709.00
15562291.00
12289042.00
12115833.00
12878584.00
11288333.00
12046417.00
13803250.00
11627209.00
14128791.00
11793209.00
14932584.00
16371833.00
11612750.00
14730333.00
13357958.00
14743334.00
11977250.00
14615417.00
14314000.00
14992750.00
11702583.00
12473084.00
12084000.00
12496292.00
15998500.00
14995917.00
12165500.00
11894000.00
10295292.00
15213166.00
11506708.00
11790875.00
11965667.00
12254291.00
11729042.00
13167292.00
16146042.00
12242375.00
12963750.00
16085792.00
12732917.00
16830167.00
12352791.00
11969625.00
11576875.00
11731708.00
16156459.00
12043875.00
15384875.00
11192833.00
12638208.00
12485625.00
15114083.00
12778375.00
13753500.00
11880209.00
12377542.00
12649667.00
12931333.00
13509250.00
10983750.00
17519791.00
13215875.00
12422583.00
12486959.00
15382541.00
14166417.00
11860875.00
14125459.00
15174666.00
15698584.00
17087791.00
14457958.00
11727166.00
13603084.00
12309958.00
12886583.00
11157500.00
11991500.00
12701709.00
14134125.00
12245584.00
13583375.00
12787541.00
16823500.00
14366292.00
12636500.00
12572542.00
12919834.00
13354500.00
12371667.00
12443042.00
11388625.00
15872375.00
13776792.00
12049666.00
11764958.00
11081042.00
11203041.00
13143084.00
12845792.00
12376917.00
13111417.00
14089958.00
11937250.00
17125416.00
12038042.00
14244791.00
14412333.00
12064916.00
11956542.00
11060500.00
14882375.00
16319208.00
12029000.00
12593083.00
13101625.00
13964000.00
29605292.00
12053500.00
12709792.00
13121833.00
12406333.00
15346542.00
11661000.00
13095500.00
12954875.00
11493333.00
15898667.00
12145667.00
12544042.00
11067250.00
18743125.00
15415333.00
13544292.00
12380875.00
13066292.00
17867208.00
12474792.00
12178250.00
13054084.00
12913083.00
11386166.00
13021042.00
14329709.00
14115875.00
12848166.00
14397625.00
12874416.00
12753458.00
13085083.00
13758833.00
12995667.00
13237208.00
12683084.00
13217250.00
12996666.00
13006708.00
12716125.00
12981500.00
13777084.00
12189208.00
12816708.00
12311709.00
12825750.00
14892666.00
13187417.00
12996666.00
14788958.00
15804084.00
13134708.00
13208625.00
12507875.00
12141084.00
11897417.00
79222958.00
16607125.00
15593500.00
13670125.00
14779541.00
13791625.00
11916416.00
11892167.00
13936584.00
12954792.00
12937125.00
14804750.00
11774333.00
13888583.00
17632417.00
14972417.00
22881125.00
11854708.00
14215042.00
16258958.00
16618791.00
12503833.00
12877625.00
14899875.00
11639958.00
16841791.00
13454334.00
13302667.00
11980375.00
12934833.00
14902709.00
15763750.00
14870750.00
11697458.00
11973834.00
12717459.00
13332333.00
16733750.00
13627500.00
12143250.00
15476375.00
15127958.00
15830875.00
15578083.00
16010500.00
14100000.00
12779834.00
16967208.00
13366750.00
14485000.00
15175375.00
15687875.00
12084083.00
12516167.00
12948584.00
15877875.00
15369542.00
12973625.00
19118333.00
15470625.00
14187334.00
15562917.00
11048958.00
12894209.00
13802583.00
12858375.00
16104459.00
13006375.00
17372417.00
15792208.00
12966834.00
13014458.00
15352750.00
13181833.00
14345417.00
13080833.00
12729041.00
11677583.00
14459083.00
16616667.00
12850708.00
16782000.00
13977000.00
13604292.00
14582375.00
17922375.00
13149000.00
15319583.00
12161333.00
13408792.00
15190250.00
15291750.00
15910416.00
13177959.00
15558250.00
15660958.00
12886667.00
12713875.00
12923834.00
12947584.00
12307042.00
12875541.00
13171916.00
12499875.00
14501792.00
12997250.00
17191417.00
15977375.00
