Throughput: 0.00 ops/sec
Latency Measurements (ns):
Throughput: 162.53 ops/sec
Latency Measurements (ns):
274042.00
498292.00
1259625.00
1414000.00
1925791.00
2812875.00
704625.00
776500.00
513042.00
556000.00
636416.00
689833.00
830208.00
323750.00
462000.00
529416.00
425083.00
568709.00
437916.00
587208.00
509916.00
351583.00
426958.00
489792.00
221042.00
720667.00
587208.00
368458.00
407583.00
470042.00
503625.00
685917.00
378917.00
440125.00
334791.00
403958.00
382500.00
451625.00
435792.00
632833.00
420917.00
529083.00
478542.00
643625.00
791125.00
647625.00
395208.00
412083.00
579958.00
752125.00
716458.00
515167.00
515125.00
511542.00
529166.00
488625.00
501125.00
533958.00
503292.00
540625.00
588000.00
588000.00
517416.00
598417.00
596959.00
588166.00
589917.00
559000.00
478458.00
573083.00
407167.00
647209.00
460958.00
605125.00
610708.00
547542.00
604416.00
621625.00
596792.00
463583.00
617125.00
599833.00
509917.00
622333.00
600500.00
524291.00
602250.00
658875.00
636292.00
862041.00
529208.00
796833.00
1086833.00
694459.00
726125.00
702167.00
490209.00
727541.00
860583.00
608916.00
669417.00
606125.00
Throughput: 0.00 ops/sec
643916.00
Latency Measurements (ns):
679000.00
762875.00
758500.00
773667.00
673167.00
879375.00
776750.00
1278708.00
758833.00
919708.00
649750.00
737833.00
855167.00
683542.00
768333.00
675625.00
970083.00
693750.00
635333.00
830250.00
750792.00
672542.00
Throughput: 0.00 ops/sec
Latency Measurements (ns):
765959.00
591791.00
705625.00
737041.00
641417.00
982042.00
845834.00
815000.00
835667.00
807416.00
743709.00
891666.00
1158625.00
791958.00
755417.00
1062708.00
1692292.00
832667.00
749333.00
509958.00
972792.00
970958.00
866042.00
762875.00
865500.00
840250.00
925833.00
955166.00
1142625.00
845958.00
814875.00
1014458.00
1637084.00
2220459.00
1199000.00
1506542.00
1263916.00
958000.00
1109542.00
809084.00
1041583.00
722167.00
1036792.00
885208.00
894083.00
833375.00
916709.00
1041458.00
1028875.00
1160292.00
911250.00
983708.00
1155667.00
1070584.00
1138833.00
1211209.00
918333.00
829584.00
1081833.00
1142709.00
Throughput: 0.00 ops/sec
996083.00
Latency Measurements (ns):
836292.00
1579708.00
1601125.00
2319625.00
2830750.00
2307416.00
2285916.00
2711000.00
1930625.00
954291.00
2298250.00
1341958.00
1236792.00
910583.00
890625.00
1851166.00
1276750.00
1151834.00
1294042.00
1236750.00
1206041.00
1055292.00
1219125.00
1155208.00
832458.00
1060375.00
1105625.00
1378042.00
1242000.00
1341708.00
1644542.00
1169750.00
874625.00
1390166.00
956334.00
1219250.00
1351209.00
1199625.00
1141875.00
1127750.00
1047916.00
1335292.00
1048625.00
1154500.00
1149375.00
1185500.00
1227666.00
1078167.00
1210084.00
1408000.00
1180916.00
877042.00
1287209.00
1056500.00
1232584.00
1381583.00
1147334.00
1454750.00
1837417.00
944708.00
1142792.00
1251208.00
1206958.00
1042500.00
1530666.00
2202084.00
1754833.00
1712833.00
1327333.00
1580875.00
1167708.00
1416542.00
1673500.00
889417.00
2307209.00
1563541.00
1374625.00
1435833.00
2796584.00
1479292.00
1462542.00
2413042.00
1449250.00
1624250.00
1446209.00
1324709.00
2823000.00
1677000.00
1226292.00
1855958.00
1112000.00
1392917.00
1378959.00
1357542.00
1337792.00
1967000.00
2060417.00
1277084.00
1207416.00
1382959.00
1658875.00
1647000.00
1440292.00
1141958.00
1415375.00
1404959.00
2149833.00
1523125.00
1477375.00
1025167.00
1347167.00
1306041.00
2121459.00
1561042.00
1421916.00
1378417.00
1611333.00
1400583.00
1283125.00
1378333.00
1253125.00
1321834.00
1254666.00
1555083.00
1201750.00
1575083.00
1306667.00
1527958.00
1377333.00
2421041.00
1830916.00
1801542.00
1870209.00
1618416.00
1354167.00
2058708.00
1550000.00
1484167.00
1485958.00
1387417.00
1503792.00
1440500.00
1585333.00
1591166.00
1368292.00
1346792.00
1400375.00
1605208.00
1706375.00
1392834.00
2032667.00
1865834.00
1437417.00
1604417.00
1511583.00
1405833.00
1559042.00
1310333.00
1271708.00
1245125.00
1488500.00
Throughput: 0.00 ops/sec
1550125.00
Latency Measurements (ns):
1497208.00
1221042.00
1490333.00
1499167.00
1497166.00
1415125.00
1653709.00
1599375.00
1366000.00
1262250.00
1198625.00
1148459.00
1666000.00
2380542.00
1741375.00
1706000.00
1502000.00
1712792.00
1533250.00
1759000.00
1538375.00
1902334.00
1735125.00
1593000.00
1417125.00
1793541.00
2505458.00
2329667.00
1450541.00
1509500.00
1684125.00
2191375.00
1583416.00
1698458.00
1706292.00
1416542.00
2508542.00
3022416.00
1668167.00
1516875.00
1680375.00
1859500.00
1709875.00
1489917.00
2089375.00
1675708.00
1624959.00
1547750.00
1730875.00
1739708.00
2765833.00
1893666.00
1856792.00
1480666.00
1569750.00
1797375.00
2398542.00
2850250.00
2165584.00
2051583.00
2094084.00
1670709.00
2326958.00
1947708.00
1489375.00
1996875.00
2383166.00
1844000.00
1652875.00
1627791.00
2149875.00
1966917.00
1284959.00
1621250.00
1347542.00
2225917.00
1416000.00
Throughput: 0.00 ops/sec
1565791.00
Latency Measurements (ns):
2023792.00
2427333.00
1632625.00
1804292.00
1817375.00
2476917.00
2843125.00
2133125.00
2848916.00
2653875.00
4079667.00
1519334.00
1913750.00
1697167.00
1993792.00
1695208.00
1867333.00
1568417.00
2004834.00
1812834.00
2066209.00
2311833.00
1839083.00
1691334.00
2228458.00
1666125.00
1688334.00
1596334.00
1829125.00
2057166.00
1906542.00
2051916.00
1366291.00
2770708.00
3917917.00
2667959.00
3119792.00
1915625.00
2922917.00
2739667.00
1982167.00
2284292.00
1633083.00
1836708.00
1720458.00
1397166.00
1984625.00
1636542.00
2931250.00
1609792.00
1763125.00
1931625.00
1958250.00
1843083.00
2117458.00
1434916.00
1844291.00
2044167.00
2232041.00
1730458.00
1880917.00
1845500.00
1763083.00
1805792.00
2373833.00
2218084.00
1687166.00
2025958.00
1835541.00
2123667.00
1811000.00
1499833.00
1654416.00
1871333.00
2520333.00
2052541.00
1472084.00
1767000.00
1960083.00
2299209.00
Throughput: 0.00 ops/sec
1477333.00
Latency Measurements (ns):
2062625.00
1953416.00
2034084.00
1802500.00
2007875.00
2343125.00
2213167.00
3280583.00
3680958.00
3462209.00
3379792.00
3257583.00
3459666.00
2421500.00
2289875.00
2213333.00
2574083.00
2538417.00
2104750.00
2180708.00
2299375.00
2400292.00
2032208.00
2504958.00
2624750.00
2279958.00
2456584.00
2357000.00
3689459.00
5200041.00
2468041.00
2099292.00
2091417.00
2450250.00
2649542.00
2347750.00
2970458.00
2031625.00
2469583.00
2390167.00
1692042.00
2155208.00
3979583.00
3140875.00
2078875.00
3326792.00
2230042.00
1810292.00
2672042.00
3440917.00
2507834.00
2073000.00
2376583.00
2277291.00
2329500.00
2391458.00
2159375.00
2406334.00
Throughput: 0.00 ops/sec
2059625.00
Latency Measurements (ns):
2413875.00
2581000.00
1793125.00
2473584.00
2009208.00
2362000.00
2338916.00
3454041.00
2164083.00
2403292.00
2485958.00
2318750.00
2391166.00
2474416.00
3570833.00
3612208.00
2292541.00
1961167.00
2529291.00
1647208.00
1907667.00
2173125.00
2246792.00
1994917.00
1811459.00
1721250.00
2181042.00
1767208.00
1953500.00
2232167.00
2178583.00
2131792.00
2020459.00
2443250.00
1859583.00
2145541.00
2038708.00
2133875.00
2182709.00
3338500.00
2529666.00
2304667.00
2353708.00
3658000.00
4520084.00
2022125.00
2287459.00
1934542.00
2898875.00
3466750.00
2454042.00
2734542.00
1814917.00
2242833.00
2222917.00
2205958.00
3111584.00
2845750.00
2259042.00
2576333.00
1785458.00
2743000.00
2606167.00
1734958.00
2261500.00
2036667.00
2886792.00
2398375.00
2079208.00
2345500.00
1764625.00
4898292.00
3839875.00
3035959.00
2223000.00
2219792.00
2894292.00
2487625.00
2858750.00
2476708.00
2529000.00
2255875.00
1741542.00
2341416.00
2199500.00
2614167.00
2248208.00
2622708.00
2397584.00
3445375.00
2518666.00
2587916.00
2887625.00
2280000.00
2214875.00
2251209.00
2644333.00
2502458.00
2551833.00
2373416.00
2373917.00
2309083.00
2263416.00
2933792.00
2479958.00
2312667.00
2606625.00
2650458.00
2368375.00
2418292.00
2171041.00
2302958.00
3361000.00
4248209.00
2921959.00
2331458.00
2292292.00
2151125.00
3035583.00
2442583.00
2481333.00
2083791.00
2488916.00
2412166.00
2476000.00
2307667.00
2477750.00
3154000.00
2411209.00
2417833.00
2188500.00
2446125.00
3135458.00
2840959.00
2722041.00
2246958.00
2473000.00
2481625.00
2441209.00
3257708.00
2701333.00
2645209.00
3020958.00
2540458.00
2427417.00
2271709.00
2336709.00
2530083.00
3405583.00
2561166.00
2450792.00
2414125.00
2582792.00
2430541.00
2749500.00
2060709.00
2462958.00
2474500.00
2399459.00
2711375.00
2534875.00
2733416.00
3123500.00
2706666.00
2392833.00
2067791.00
2441000.00
2604375.00
2783167.00
2436542.00
3218291.00
2387542.00
2512708.00
2523500.00
2340834.00
2787333.00
2648917.00
2688458.00
2736584.00
3000292.00
3796917.00
2491958.00
3329625.00
2373708.00
2559042.00
2401625.00
2452875.00
2839417.00
2420583.00
2600917.00
2826000.00
2874000.00
1948375.00
3373209.00
2585709.00
2637833.00
2739334.00
3491334.00
2813458.00
2908167.00
2492708.00
2905750.00
2364291.00
2644917.00
2482917.00
2761334.00
3306125.00
3297542.00
2386708.00
2973333.00
2929875.00
3677250.00
3005708.00
3180958.00
2573750.00
2877875.00
2845250.00
2576000.00
2943125.00
2697250.00
3355333.00
2976542.00
2139417.00
2485000.00
2962667.00
2536166.00
3000416.00
2605958.00
3123208.00
2987292.00
2562417.00
2745333.00
3199208.00
2602250.00
2608875.00
2517958.00
2557250.00
3180250.00
3172667.00
2910708.00
3167209.00
2836292.00
2888458.00
3908375.00
3095708.00
3220083.00
2883541.00
3085584.00
3348500.00
2523791.00
2872375.00
2871042.00
3053625.00
2696541.00
2837333.00
2931167.00
2617333.00
2867500.00
3035042.00
2994458.00
4436542.00
5060625.00
2814916.00
2808125.00
3129709.00
3491292.00
3398125.00
3102959.00
2790583.00
2425166.00
2844667.00
3185375.00
3726542.00
2824584.00
3081083.00
2658584.00
2573542.00
3002875.00
3511000.00
3590375.00
2517792.00
3199000.00
3664084.00
2619833.00
3818541.00
2992500.00
2991333.00
2797167.00
2689541.00
2861750.00
2734417.00
3453542.00
2516583.00
2898167.00
2826958.00
2562167.00
2797958.00
2463916.00
3164541.00
2725916.00
3704917.00
2879042.00
2917083.00
3053542.00
2675000.00
3016708.00
2782208.00
2704125.00
3025167.00
2774167.00
3008667.00
3081583.00
3078833.00
3180625.00
2843916.00
3302000.00
3101791.00
2682833.00
2631083.00
4007833.00
3263334.00
2859000.00
2578000.00
2808208.00
3096250.00
2872917.00
2829750.00
3059625.00
2698417.00
3912250.00
2958792.00
4653959.00
4464209.00
5928542.00
2890417.00
3264333.00
2983417.00
2922666.00
2895792.00
2822875.00
3443541.00
3877917.00
2864666.00
4452459.00
4502250.00
3246875.00
2861625.00
2995375.00
2843750.00
3448042.00
3138667.00
2636458.00
2877709.00
3333541.00
3045083.00
3413333.00
3497209.00
3316375.00
3061375.00
3197250.00
2962792.00
3238875.00
3674584.00
2978542.00
3035167.00
3125583.00
3238541.00
3280500.00
3345459.00
4104000.00
3335500.00
2691542.00
3244583.00
2996792.00
3475791.00
3319958.00
3337458.00
2327750.00
4057958.00
3409958.00
3168542.00
3021875.00
3695209.00
3116833.00
3042125.00
3200416.00
3317916.00
2928709.00
2487083.00
3171375.00
3622750.00
3450875.00
3223208.00
2790500.00
3299709.00
2516791.00
4925000.00
2956833.00
4166833.00
3156625.00
3514250.00
3109625.00
3070625.00
2708583.00
2987209.00
2974333.00
4245541.00
3018791.00
2854084.00
3275791.00
3645500.00
3467416.00
3100667.00
3006125.00
4489958.00
3467791.00
2817916.00
3258917.00
4169583.00
5014250.00
4280542.00
3001667.00
3490167.00
2802500.00
3274333.00
4008458.00
4435292.00
3227000.00
3181166.00
4621250.00
3206458.00
3860208.00
3822041.00
3362042.00
3135250.00
3084125.00
3084583.00
3077084.00
3774000.00
3309208.00
3337083.00
3323250.00
3056792.00
3134333.00
3347875.00
3574042.00
3260250.00
3080542.00
2949333.00
3508333.00
4299583.00
3820250.00
3560125.00
4375917.00
3268208.00
3446209.00
3498875.00
3169375.00
3404375.00
3226083.00
4055333.00
3266041.00
3579166.00
4139875.00
4078542.00
3065208.00
3152333.00
3051958.00
3155416.00
2926584.00
3808958.00
2972083.00
3496625.00
3577125.00
3583167.00
3493625.00
3135917.00
3648583.00
3875000.00
3695959.00
3186625.00
3599417.00
6162042.00
4047000.00
3966333.00
4284792.00
3197500.00
3125000.00
3465709.00
3664542.00
4163208.00
3653292.00
3755500.00
3158667.00
3034291.00
3345417.00
3793084.00
3637250.00
3743166.00
5360583.00
4347542.00
3232500.00
4243416.00
5717583.00
4025958.00
3761167.00
4548916.00
4707084.00
6024917.00
4726916.00
4141166.00
4572709.00
4051417.00
4558875.00
5085375.00
3345125.00
3358917.00
3180000.00
4344791.00
3042834.00
3615208.00
4360042.00
3426583.00
3821625.00
3656416.00
3619667.00
3462208.00
4299458.00
3493583.00
4561458.00
3154209.00
3753083.00
3066125.00
3638083.00
3525667.00
3376875.00
3652083.00
3287708.00
4049375.00
4471416.00
3803042.00
5642667.00
4155625.00
3599791.00
3658125.00
3283833.00
3890334.00
3992333.00
4108833.00
3602958.00
4956750.00
3358708.00
3583875.00
3872958.00
5015708.00
3801125.00
3641917.00
3306125.00
3808375.00
3051875.00
4659375.00
3711959.00
3506709.00
3705750.00
4613833.00
3676042.00
3949667.00
4054792.00
4538000.00
4541916.00
4179958.00
4361209.00
3782875.00
4570000.00
4213958.00
3953958.00
6075667.00
4482084.00
3611166.00
3616708.00
3386291.00
3543209.00
3151333.00
3819000.00
4042709.00
3880458.00
3737875.00
3623083.00
3709459.00
3568417.00
3854000.00
3872541.00
2871875.00
3594667.00
4644917.00
3973209.00
3657041.00
16647459.00
18968500.00
4378917.00
6688584.00
4507625.00
3850708.00
3278542.00
4179167.00
4162875.00
3994625.00
3541833.00
3094917.00
3688916.00
4707833.00
4567208.00
3496750.00
4778042.00
4096625.00
3602208.00
3989000.00
4651416.00
3720291.00
3784458.00
3743917.00
4105125.00
3593334.00
4208833.00
4831334.00
3745458.00
3650000.00
3475208.00
3625250.00
4098625.00
3821542.00
3869042.00
3614333.00
4059500.00
3963500.00
3014083.00
3836417.00
3925625.00
3929833.00
5220333.00
6023500.00
3487625.00
4248166.00
4218292.00
3697542.00
3815250.00
4041250.00
3930875.00
3804541.00
3819458.00
4473500.00
3447667.00
18597500.00
6655583.00
4433459.00
6166375.00
4612375.00
3785167.00
4156208.00
9527625.00
4107958.00
3723334.00
3768125.00
3686042.00
4294459.00
4570916.00
4242416.00
3525291.00
3956917.00
4354625.00
3790209.00
5058083.00
6178792.00
4391666.00
4747375.00
4249833.00
4057333.00
3946083.00
3442167.00
3897334.00
4067416.00
3851791.00
3226042.00
3446334.00
5650959.00
5869708.00
4160500.00
4660125.00
3771334.00
4593042.00
4314167.00
3479625.00
4644958.00
3793500.00
3841291.00
3875291.00
4202667.00
3829833.00
3348667.00
4163125.00
4785209.00
4285500.00
4244583.00
3927792.00
4640792.00
5713000.00
4635917.00
5668750.00
4294333.00
5896125.00
4272459.00
4060041.00
4421292.00
4459584.00
6224458.00
5180708.00
3934084.00
3886917.00
3667417.00
4397875.00
4507625.00
3680500.00
3944000.00
5460250.00
4362917.00
4308042.00
4692833.00
3789792.00
4134833.00
4065542.00
3962500.00
3774541.00
4143750.00
4491500.00
3887709.00
4344208.00
3877959.00
4867458.00
3529667.00
3865458.00
5122375.00
4225791.00
6450375.00
5410625.00
5153333.00
4345167.00
3866125.00
4080917.00
4173209.00
3906917.00
4218417.00
4922000.00
5844125.00
6182375.00
5273125.00
3911750.00
4766042.00
4237666.00
3815167.00
5318333.00
3926625.00
4839916.00
4505625.00
4177750.00
4483625.00
5537834.00
3964417.00
4377750.00
4171291.00
4372166.00
4074958.00
4369958.00
3912708.00
4465917.00
3811542.00
4226166.00
3918167.00
4553167.00
4214458.00
4262125.00
4492458.00
3988083.00
4312458.00
4505167.00
4043500.00
4234625.00
5464125.00
4081500.00
5599042.00
5838291.00
4214750.00
3733584.00
4161375.00
4326834.00
4915833.00
4424541.00
4145916.00
4438459.00
4270667.00
4859167.00
4578167.00
4000959.00
4229125.00
4519708.00
4082417.00
4687000.00
4205167.00
4342459.00
4444417.00
3867083.00
4374708.00
5241667.00
4103458.00
5008500.00
4576458.00
5533250.00
4273542.00
5189583.00
4267333.00
6073542.00
5035000.00
4079000.00
4011625.00
5072000.00
5276834.00
4186041.00
4227041.00
3946375.00
4528875.00
4655375.00
4064958.00
3637959.00
4448750.00
6266166.00
4549125.00
5069875.00
4880500.00
4502083.00
4170208.00
4483708.00
4761166.00
4374875.00
5033625.00
4376459.00
5548500.00
5735000.00
5447083.00
6568042.00
5369791.00
4682416.00
4114833.00
5185542.00
5176750.00
4000167.00
5457917.00
6365875.00
4426250.00
4465333.00
4075166.00
4714708.00
4398167.00
4366417.00
4609042.00
4808833.00
4823750.00
4612375.00
4373666.00
5250250.00
4542417.00
4369833.00
4497459.00
5618959.00
4172875.00
4269958.00
4071083.00
6097583.00
7461500.00
5406875.00
5017708.00
4936083.00
4873833.00
5024000.00
6186750.00
4535459.00
4592709.00
4513916.00
4804042.00
4816958.00
5253584.00
5060041.00
5265916.00
4484042.00
4586667.00
4382125.00
5658916.00
4941125.00
4264041.00
4646958.00
4594917.00
6789834.00
6233958.00
4256500.00
5410167.00
4720000.00
4850125.00
4372334.00
5500334.00
6272583.00
3643667.00
4190417.00
4593250.00
4190375.00
4634959.00
5479250.00
4492834.00
4107291.00
5145417.00
4649584.00
4392000.00
4876417.00
4362916.00
5715750.00
6033375.00
5514916.00
4229750.00
4734958.00
5709583.00
5253250.00
6079083.00
4507083.00
5431375.00
5624000.00
5285708.00
5833917.00
4181916.00
4251458.00
5167708.00
6249083.00
4234792.00
4715458.00
4534542.00
5470834.00
5011958.00
4271125.00
5011792.00
4557833.00
4474750.00
5303375.00
5421375.00
5283583.00
5810584.00
5880583.00
4557167.00
5640083.00
5590583.00
5698250.00
3887375.00
5168917.00
4388416.00
4442208.00
4178125.00
4460459.00
5428167.00
4381500.00
5799459.00
5939667.00
4081875.00
6156875.00
5864083.00
5844167.00
4168917.00
5062833.00
5702917.00
4289292.00
4334333.00
4756834.00
4567417.00
5200125.00
4301292.00
5136333.00
5676584.00
4158667.00
5113167.00
4255167.00
5209792.00
5891250.00
6114833.00
4948042.00
5573750.00
5953208.00
4794875.00
4519250.00
4653458.00
4641541.00
5299000.00
4845000.00
5153750.00
6120250.00
5264708.00
4395917.00
4739250.00
6288000.00
5147209.00
5308000.00
5619167.00
5557625.00
6041375.00
5450708.00
4815875.00
6303542.00
5532708.00
4743834.00
6284458.00
5245084.00
6076167.00
4872042.00
6182916.00
4477292.00
5524334.00
5019750.00
4670583.00
6066084.00
5975209.00
5242583.00
4995791.00
5066792.00
5143000.00
4202250.00
5142583.00
6077125.00
4522667.00
6226083.00
4531250.00
4502917.00
4938667.00
4818083.00
5682542.00
4373458.00
4720458.00
5256000.00
5857958.00
5408917.00
5646292.00
5399958.00
5740750.00
4393750.00
5381167.00
5535542.00
5211625.00
5736208.00
5479208.00
4902750.00
5198834.00
5489041.00
5839834.00
5561084.00
4884959.00
6868625.00
4569750.00
4693375.00
5546125.00
6884834.00
6468834.00
4478542.00
5354000.00
8256042.00
4896208.00
6569833.00
5377584.00
5161875.00
5475708.00
5556542.00
5241250.00
6180958.00
5565750.00
4605916.00
7526042.00
5708625.00
6803125.00
5757416.00
4942250.00
5551292.00
7687792.00
5300708.00
5601833.00
4906500.00
4742917.00
5606000.00
5337042.00
6066167.00
5595625.00
4787458.00
4873834.00
6364459.00
6746584.00
6038583.00
6156375.00
5855333.00
4975708.00
4680042.00
5621500.00
5271958.00
6745417.00
4805750.00
6728167.00
6186084.00
5516750.00
6158583.00
6393792.00
4680458.00
6819125.00
7136417.00
6646500.00
4660500.00
5363708.00
4736042.00
5489542.00
6186917.00
6301166.00
6985041.00
4511542.00
6063917.00
8224750.00
7707625.00
4806334.00
6868542.00
8772750.00
11254667.00
6446750.00
7435792.00
6494625.00
5848375.00
7572000.00
8556750.00
6888083.00
7292417.00
6438500.00
5988583.00
5942375.00
5175208.00
4949958.00
8274583.00
5275000.00
4912125.00
4797084.00
4974458.00
4754291.00
4866625.00
4607375.00
5939208.00
6408667.00
4974500.00
5855584.00
4765291.00
5488792.00
4714084.00
4690667.00
5715333.00
6003458.00
4964417.00
5902000.00
5304041.00
5767125.00
6560625.00
4524333.00
4689541.00
6388458.00
6364917.00
5960167.00
6084458.00
5000041.00
6219834.00
6016709.00
7208750.00
6230459.00
7157000.00
5636417.00
5314333.00
6176500.00
6571583.00
6312791.00
6264250.00
5084166.00
5058209.00
4569209.00
6645875.00
5047084.00
5405500.00
5357708.00
6174708.00
6192583.00
5986416.00
4825041.00
5872125.00
6375334.00
4900542.00
9468750.00
7668625.00
6383167.00
6192375.00
5711042.00
6785792.00
6810041.00
5766042.00
5400167.00
4571208.00
6033625.00
6618833.00
6251292.00
6724334.00
4917292.00
6270541.00
6131625.00
5802584.00
6129541.00
6156917.00
6590333.00
5488500.00
5268709.00
4995167.00
6069125.00
6312708.00
5619000.00
5688167.00
5418916.00
7774917.00
5165542.00
4989666.00
6433917.00
5344333.00
6507125.00
8139958.00
5772833.00
5146958.00
7197459.00
6284375.00
6203667.00
8028750.00
5343083.00
9152459.00
8577791.00
6329541.00
5335417.00
7019417.00
6079250.00
7214917.00
7850625.00
5396334.00
5851458.00
5548917.00
6932625.00
6210250.00
6658042.00
5157041.00
4729291.00
7201208.00
6722916.00
4924291.00
6107250.00
22929792.00
18195333.00
26419666.00
6255917.00
6749625.00
6492750.00
6193084.00
6532541.00
5342292.00
8163375.00
6407458.00
5540583.00
6927792.00
5140542.00
7088625.00
7160958.00
7670416.00
7837000.00
6116250.00
7618375.00
8074541.00
6340208.00
5218041.00
7137000.00
7668834.00
5870500.00
6192292.00
7966583.00
6326583.00
8074166.00
7767250.00
6643167.00
6788458.00
5535500.00
6870375.00
8470417.00
9640834.00
7978583.00
6099834.00
5509959.00
5342125.00
5633250.00
6344500.00
6185125.00
5365750.00
7277250.00
7216333.00
6831292.00
8251875.00
5572584.00
6398500.00
6980583.00
6388167.00
6975166.00
7901042.00
7720625.00
5023750.00
4947459.00
6320375.00
6098125.00
5048000.00
5715750.00
5349208.00
6561584.00
6273042.00
5781500.00
7057458.00
7691417.00
6337041.00
6825584.00
5145750.00
5415333.00
6382292.00
7277292.00
4950167.00
8843125.00
4921250.00
5215584.00
6972417.00
5133750.00
5568042.00
5405042.00
7219583.00
5391584.00
7038500.00
6363916.00
5670625.00
5558375.00
7071500.00
5289250.00
5906000.00
7318708.00
7270208.00
6692833.00
6828250.00
6112208.00
5242750.00
5692375.00
8623792.00
5395958.00
6659417.00
5192292.00
5570500.00
5591208.00
7191208.00
6402333.00
6790667.00
5318500.00
6267250.00
5162458.00
6937792.00
6503000.00
4958333.00
5762958.00
5766583.00
5601834.00
5708125.00
5635250.00
5725375.00
6534792.00
6828792.00
5428750.00
6534583.00
5302167.00
5544958.00
5282459.00
5458208.00
7301125.00
5575458.00
6294083.00
6826875.00
6656833.00
5880042.00
6663541.00
6031250.00
5710750.00
5249209.00
6470458.00
7005167.00
5905583.00
6480541.00
5288625.00
7434250.00
5960916.00
5788416.00
7026292.00
5557375.00
6163708.00
7505208.00
6101833.00
6726292.00
6016959.00
6757042.00
6532500.00
7361042.00
5541792.00
7331833.00
6703708.00
5853375.00
5906083.00
7293375.00
6855208.00
5828584.00
6015334.00
5963542.00
7216917.00
5496917.00
5236542.00
6022833.00
6243500.00
8078958.00
8618000.00
6854041.00
5435834.00
7137083.00
6788916.00
7353333.00
6388958.00
8760791.00
5751792.00
5454750.00
6648084.00
5498958.00
7710042.00
6961000.00
5949250.00
6965667.00
7109083.00
5574208.00
7152542.00
8162417.00
9137250.00
6372958.00
6432791.00
6651208.00
7784416.00
8010584.00
5948334.00
9139500.00
7216875.00
6109250.00
7534875.00
8064584.00
6186416.00
6388250.00
5588625.00
6222583.00
7027167.00
7135167.00
7471125.00
6832875.00
6452208.00
7152000.00
7004083.00
5978958.00
5877334.00
6099459.00
7247708.00
7045959.00
7545875.00
7018292.00
7610666.00
6907916.00
6385250.00
7830000.00
7100041.00
6798375.00
7129333.00
6788042.00
7371916.00
6878834.00
10264250.00
5520792.00
5641916.00
6554458.00
6468833.00
6532333.00
7765541.00
6178917.00
7841583.00
6376500.00
7567750.00
5583209.00
5631750.00
6876666.00
8585125.00
5801000.00
6998208.00
7496375.00
7490166.00
8521458.00
5791791.00
7686125.00
8983250.00
8726667.00
6239250.00
7419875.00
6024875.00
9756958.00
5715167.00
7061791.00
7401583.00
5668167.00
7054625.00
6652916.00
5986708.00
6337958.00
8189000.00
7195667.00
5992084.00
7726417.00
5919375.00
6547625.00
7536875.00
7664000.00
8235583.00
7164333.00
6228792.00
7749208.00
6630167.00
7436333.00
6466959.00
7624042.00
6156334.00
7083500.00
6077542.00
5937292.00
6313334.00
7975042.00
7819917.00
7327583.00
5842708.00
5883416.00
7579375.00
6809000.00
7818541.00
5868791.00
5579708.00
5825791.00
6412958.00
9946750.00
7641958.00
8221291.00
6831708.00
7271333.00
5662834.00
6378958.00
6754958.00
7870500.00
6098667.00
6223958.00
5978042.00
7175209.00
6967125.00
7157584.00
7200708.00
7760584.00
6321125.00
6119417.00
6514500.00
7894541.00
6066458.00
5981292.00
7228833.00
5921208.00
9496334.00
6332916.00
6567250.00
6566208.00
6385584.00
7064500.00
5988000.00
6053875.00
6119958.00
5985708.00
6610750.00
7516917.00
7780792.00
5961667.00
8951250.00
7631583.00
8063042.00
6847041.00
7553042.00
5854708.00
7128875.00
7952167.00
7416417.00
7121333.00
7488917.00
6319334.00
7111208.00
7937208.00
6218250.00
8500541.00
7229917.00
6611958.00
5838416.00
8223541.00
8852542.00
8376125.00
9826250.00
9815333.00
8541792.00
6293834.00
9120875.00
10868958.00
9138041.00
7752542.00
7811041.00
6481125.00
6188208.00
6339875.00
8269708.00
7591625.00
8198333.00
7910833.00
8992667.00
7260208.00
15886125.00
16104542.00
11290416.00
11738084.00
12060208.00
8535083.00
10483417.00
7250208.00
7954750.00
11388084.00
9759375.00
7274000.00
8292708.00
8013833.00
6802500.00
7637500.00
9753625.00
8334000.00
9625292.00
7895959.00
6702834.00
7679125.00
7723750.00
12012708.00
9917084.00
6868292.00
8300875.00
9615500.00
7748292.00
6160625.00
6754459.00
6710417.00
6845709.00
9927542.00
9696833.00
13078667.00
9990125.00
8770584.00
7586917.00
7615625.00
8412666.00
7240750.00
6765959.00
7855708.00
7724750.00
12286125.00
8744292.00
7809416.00
7957625.00
7870208.00
8254709.00
8145000.00
40327125.00
20658708.00
6683667.00
7466042.00
9530666.00
6329875.00
7977834.00
7286625.00
6820625.00
6683250.00
7537750.00
7591042.00
8680917.00
7997333.00
7752500.00
7978208.00
6188875.00
6664542.00
7573542.00
11860292.00
6731000.00
7830375.00
8012250.00
8053292.00
6670208.00
7866375.00
7726459.00
7235792.00
8047834.00
8237458.00
8789500.00
6150459.00
7942083.00
8085667.00
6660791.00
6538292.00
7811458.00
7822833.00
7773417.00
8674792.00
8107333.00
8502042.00
8504750.00
10153375.00
7858250.00
8633041.00
8296334.00
8107042.00
6203791.00
7101500.00
9224000.00
10346750.00
9592625.00
6180375.00
9935500.00
8805542.00
10300500.00
8964334.00
11532625.00
7222375.00
8104292.00
8741167.00
8023250.00
9071791.00
11234250.00
8333833.00
9687209.00
9063750.00
10452208.00
8471708.00
9007291.00
9192750.00
8333208.00
7423583.00
8147542.00
9139333.00
7070334.00
6616167.00
8194375.00
8289959.00
9075042.00
7679042.00
7051875.00
6357708.00
7915791.00
7208792.00
7555584.00
8188917.00
8218375.00
8013208.00
8484834.00
6489167.00
7090625.00
8217458.00
7081583.00
8877625.00
7873959.00
6624333.00
8343875.00
8076542.00
6752541.00
7228042.00
8690750.00
8021292.00
8086500.00
8418625.00
9384250.00
8106250.00
8952625.00
8328458.00
8740125.00
8005334.00
6913875.00
8522083.00
8424708.00
7612208.00
6914000.00
6863292.00
7027041.00
7911583.00
8179167.00
8691583.00
6517000.00
9499375.00
8582292.00
9018541.00
7216166.00
8766792.00
6275166.00
9380792.00
8249709.00
7244417.00
7204416.00
8308292.00
7113958.00
9708417.00
8467708.00
7409667.00
7649333.00
8299708.00
10114167.00
7145625.00
8289125.00
8605875.00
8498375.00
7791417.00
8818083.00
8861583.00
7968708.00
7547375.00
8451375.00
8123791.00
7446292.00
9053375.00
8592417.00
8569875.00
6458542.00
8394917.00
8428416.00
8289375.00
7320709.00
7857917.00
7752209.00
8793000.00
8607500.00
6639000.00
8336458.00
7809958.00
10411375.00
8146458.00
8400833.00
7519667.00
7941334.00
6559458.00
8842709.00
9185041.00
8435125.00
7825500.00
8648833.00
8935833.00
10728167.00
7135000.00
Throughput: 0.00 ops/sec
Throughput: 111.50 ops/sec
Throughput: 0.00 ops/sec
Latency Measurements (ns):
Throughput: 0.00 ops/sec
Latency Measurements (ns):
Latency Measurements (ns):
Latency Measurements (ns):
7267417.00
Throughput: 0.00 ops/sec
7381875.00
Latency Measurements (ns):
7049625.00
7605333.00
8381500.00
8142416.00
8062875.00
7941125.00
8399750.00
Throughput: 0.00 ops/sec
8931125.00
Latency Measurements (ns):
7577916.00
9022125.00
8249791.00
7724084.00
9201834.00
6819125.00
Throughput: 0.00 ops/sec
6550458.00
Latency Measurements (ns):
6595167.00
8762084.00
10576958.00
7986250.00
7301500.00
10811958.00
39512333.00
7612458.00
7745334.00
7312584.00
7694042.00
9868750.00
7120959.00
6985833.00
7990541.00
8351083.00
6776375.00
8239792.00
Throughput: 0.00 ops/sec
7222167.00
Latency Measurements (ns):
7090292.00
6694666.00
8054459.00
10463250.00
7986708.00
8577333.00
10292834.00
7669709.00
9947459.00
9468083.00
8270709.00
7523459.00
13480708.00
8026000.00
9053000.00
8828292.00
8300208.00
11257459.00
10009708.00
8895333.00
7360500.00
7522791.00
6880709.00
7584958.00
7107125.00
10040833.00
6741125.00
7294709.00
7723542.00
8915375.00
7790667.00
Throughput: 0.00 ops/sec
10743542.00
Latency Measurements (ns):
8760792.00
8382208.00
9274625.00
8862667.00
11658709.00
8572667.00
10692000.00
10243250.00
7885375.00
9849625.00
8897500.00
10624958.00
7599375.00
7846709.00
9411875.00
7259541.00
9170250.00
9237708.00
8754958.00
7777666.00
8728958.00
8103667.00
8979375.00
9437542.00
7210000.00
9937083.00
9511250.00
7250333.00
8979750.00
10525250.00
8941959.00
9935834.00
10715750.00
7195666.00
11844834.00
7906125.00
6650167.00
7511791.00
8188459.00
8621625.00
8474666.00
11013875.00
10509208.00
9813709.00
8678042.00
9430333.00
10619791.00
8604417.00
8287041.00
8983584.00
9276625.00
9743334.00
9381375.00
9792291.00
7554083.00
7485709.00
7558084.00
11399292.00
9313208.00
7080042.00
8177500.00
11053916.00
11136167.00
9508834.00
9054167.00
8036917.00
9131125.00
9082542.00
9950209.00
8229875.00
7977583.00
8445250.00
7039833.00
8390958.00
7498000.00
10650333.00
7564042.00
9804875.00
10612542.00
7352125.00
7284125.00
7714125.00
7749375.00
8920083.00
7211541.00
10257250.00
8293083.00
8329667.00
7983375.00
94174000.00
9727542.00
8219042.00
8305417.00
7997625.00
8216458.00
7758125.00
9022959.00
11429250.00
8175167.00
11124125.00
10162583.00
7504375.00
10164083.00
7058958.00
7938666.00
8570667.00
7903500.00
7833583.00
8262458.00
9432792.00
7307792.00
7872334.00
8503416.00
8372333.00
8141833.00
8191833.00
9338917.00
9024084.00
9263459.00
8105083.00
8652708.00
9804458.00
9108708.00
9122250.00
7814500.00
7839500.00
10435833.00
10485500.00
7430208.00
7577125.00
10180667.00
8527500.00
10649500.00
11216625.00
9831917.00
9968958.00
7599458.00
10247708.00
9384625.00
10593000.00
8642375.00
8312292.00
12462541.00
12736875.00
9501167.00
7732709.00
8655041.00
8880334.00
7763041.00
10458209.00
11627750.00
7178875.00
9806584.00
11126167.00
9775125.00
9783166.00
9794625.00
11152500.00
11357375.00
11101375.00
44912875.00
7863459.00
9041917.00
11449083.00
9139042.00
9823208.00
10943708.00
9489750.00
9336500.00
11028208.00
9944291.00
13658416.00
8281000.00
8580667.00
8053541.00
8086250.00
10983666.00
8263875.00
11842083.00
9396000.00
9106208.00
8106083.00
7488625.00
9031334.00
10137458.00
9207875.00
7694125.00
9156750.00
9966958.00
9657166.00
9694167.00
8278417.00
11253875.00
10521458.00
9382875.00
10573750.00
11472000.00
12288667.00
10044583.00
9461042.00
11075042.00
8462333.00
9210875.00
8667500.00
11205000.00
7979500.00
11769459.00
12568333.00
9856416.00
10123792.00
7870875.00
8820875.00
9183792.00
10897083.00
10759750.00
10110542.00
10026708.00
11195958.00
8065042.00
10618375.00
11886333.00
8308041.00
9323708.00
9519833.00
10789625.00
10468583.00
9807125.00
9073958.00
9880416.00
9529208.00
9745667.00
7907000.00
9621750.00
10268209.00
10413625.00
7718666.00
9325583.00
7683083.00
8591958.00
7349875.00
9599791.00
8711375.00
8229875.00
8101375.00
9498959.00
9846875.00
10184875.00
9996500.00
9629750.00
9177084.00
8379500.00
9875917.00
9056833.00
9697042.00
8322083.00
8523416.00
8382375.00
10754583.00
9715959.00
7593125.00
10426917.00
10395959.00
9790625.00
9626000.00
7446625.00
9042750.00
10004708.00
10077208.00
9401125.00
8429167.00
9488875.00
9864958.00
9563125.00
10046666.00
10281458.00
9190958.00
8199041.00
9939875.00
9742792.00
10316917.00
7928583.00
8259875.00
9439875.00
10241542.00
9574417.00
9634750.00
10110125.00
10360250.00
10525625.00
10403458.00
9776542.00
10048417.00
10120500.00
9797792.00
10387333.00
8319875.00
9375375.00
9744916.00
10034917.00
8014292.00
8211791.00
9936625.00
8096958.00
8217084.00
8379750.00
9477250.00
9760042.00
10241875.00
7950542.00
12235333.00
8239916.00
10239792.00
9530916.00
10486167.00
9921750.00
8474375.00
9809709.00
8677917.00
10320833.00
10815417.00
9861750.00
9032792.00
9567542.00
9698459.00
8308250.00
9615041.00
11907084.00
10958916.00
9947666.00
9398666.00
8767542.00
11355209.00
10694708.00
13174209.00
10508250.00
11135042.00
13246750.00
10796166.00
12956208.00
12090333.00
10304292.00
8867333.00
58064708.00
12053334.00
9887083.00
9017750.00
9319375.00
12842458.00
11143125.00
11978209.00
10707250.00
10042209.00
14280125.00
11091875.00
12300375.00
10337875.00
9731250.00
10155250.00
10249917.00
9337375.00
8701209.00
8911417.00
10896500.00
10499917.00
10783875.00
10366375.00
8968000.00
8870417.00
9749792.00
8458500.00
8932750.00
10622459.00
33371333.00
108597584.00
8723291.00
10735875.00
12448291.00
13177833.00
9152667.00
10837541.00
9231959.00
12153375.00
9716334.00
8810459.00
10859041.00
10531958.00
8265292.00
10012833.00
8779333.00
7780584.00
8499583.00
8309000.00
10845667.00
7825625.00
8344000.00
9497958.00
10901792.00
9163583.00
10794833.00
8725333.00
10410292.00
8736583.00
9873417.00
10567333.00
10441250.00
8359583.00
8601375.00
10829417.00
9575250.00
8990917.00
9886416.00
10644292.00
11602750.00
8848500.00
9043125.00
10024917.00
10650166.00
11050209.00
9347500.00
11180208.00
7674125.00
8517334.00
10554791.00
11162458.00
9044750.00
8916875.00
10340750.00
10875667.00
10650208.00
10796416.00
9869167.00
9372166.00
8559917.00
8485208.00
11536625.00
9909209.00
10618875.00
8072000.00
8730500.00
9403208.00
8551375.00
11166750.00
11040500.00
11553000.00
10495833.00
9310959.00
9038625.00
10816000.00
11608125.00
11595250.00
9599667.00
11006709.00
12206750.00
9219125.00
10184083.00
12125041.00
12902500.00
9074000.00
11588709.00
11738708.00
11198458.00
9468042.00
12538917.00
12738084.00
8785459.00
10628667.00
11072875.00
10215208.00
10246125.00
11147250.00
11565708.00
9348500.00
7739583.00
8133208.00
11060625.00
10630041.00
10360791.00
7764792.00
11067083.00
10617292.00
8898208.00
10914750.00
10502375.00
10983541.00
10471417.00
11230125.00
10782833.00
8779583.00
11292833.00
10106000.00
9207416.00
8829375.00
8035291.00
9026250.00
8446917.00
11555416.00
9675250.00
9505041.00
11536500.00
10353625.00
8371833.00
9713125.00
12841042.00
20226708.00
14416667.00
11825333.00
10378958.00
9681791.00
11086958.00
11288416.00
10482958.00
8916334.00
9084917.00
10393833.00
11212584.00
10738125.00
11757916.00
11586500.00
10001375.00
10977167.00
9108041.00
10965333.00
11144875.00
10713500.00
11464792.00
10649375.00
8561792.00
10763417.00
10584750.00
10131750.00
11647083.00
11073583.00
10305709.00
9337583.00
10423750.00
10637958.00
8931542.00
10151250.00
11716042.00
8703250.00
9081333.00
9089917.00
12129292.00
10547791.00
10836000.00
11211958.00
11144041.00
13041291.00
9744750.00
10751750.00
10133208.00
12603834.00
13510667.00
11071791.00
10942667.00
9074625.00
10252083.00
10367084.00
12071584.00
11067625.00
9785125.00
11450209.00
11415291.00
10657042.00
10975375.00
10746125.00
9103292.00
9053375.00
11528958.00
10932833.00
11532291.00
10665584.00
11281084.00
12068916.00
11802667.00
11810833.00
8700042.00
11023375.00
13262250.00
12982458.00
12322375.00
14039417.00
13500584.00
11629542.00
12057666.00
10725459.00
10242417.00
13156833.00
13207625.00
11469709.00
11249458.00
11428792.00
11926208.00
11482417.00
13737917.00
12479625.00
13151875.00
14026917.00
9625334.00
11002709.00
11837833.00
11027958.00
9824625.00
11341958.00
11119375.00
10052875.00
10343542.00
8970333.00
11399291.00
9263833.00
9225458.00
11199041.00
12364791.00
9274750.00
10778459.00
10690667.00
11934416.00
10649542.00
10179083.00
9368334.00
8999083.00
10979000.00
9665125.00
9908166.00
11846833.00
9516208.00
12346666.00
11577834.00
10333750.00
42756125.00
22174959.00
8941000.00
13589292.00
13419375.00
12040167.00
10572292.00
10068583.00
11363750.00
12645292.00
12656500.00
13315000.00
12443916.00
13691042.00
9226084.00
10856417.00
12716208.00
9561417.00
11285500.00
12053834.00
11560167.00
11376125.00
11678208.00
10575084.00
13903708.00
11848875.00
15177041.00
9568625.00
10315625.00
11488292.00
9236875.00
14309917.00
9537291.00
8974750.00
11906833.00
12061916.00
11098083.00
9857541.00
12771834.00
10513875.00
10327291.00
12184958.00
11170708.00
11593541.00
9845166.00
11435584.00
9362459.00
9493292.00
12276291.00
13014417.00
9666208.00
12332292.00
10257375.00
11326708.00
12358542.00
12090416.00
10222041.00
12725000.00
12240291.00
11905250.00
10609792.00
10152292.00
12542958.00
11326250.00
12991125.00
12004250.00
11752791.00
14386833.00
9008083.00
12809167.00
13007750.00
12027625.00
12320583.00
9707292.00
10370250.00
13318958.00
11910000.00
10173500.00
12376083.00
14092709.00
9427583.00
11712750.00
13322333.00
11846084.00
10535875.00
10382542.00
13346541.00
13010584.00
13717625.00
12957500.00
13198083.00
13502417.00
12421334.00
9506667.00
11890959.00
12096625.00
11722042.00
11284959.00
12332084.00
11573000.00
11157750.00
11408958.00
12382625.00
11260917.00
11448083.00
12542000.00
11108959.00
11732041.00
11715667.00
9785250.00
11067833.00
11411250.00
9948042.00
11770625.00
13254375.00
13362084.00
9963584.00
11204375.00
9952917.00
13040334.00
9987375.00
11758250.00
10991291.00
10454834.00
11431041.00
39139042.00
12726833.00
12698250.00
13113125.00
14378041.00
12136041.00
11840291.00
9735042.00
11671667.00
11320291.00
10101959.00
11669375.00
11610833.00
11463375.00
11721833.00
12509041.00
11607667.00
11692042.00
11952917.00
12926958.00
13283708.00
10835000.00
12062208.00
13056500.00
12549291.00
12307375.00
15138542.00
13097916.00
11329292.00
14020333.00
12847041.00
15411583.00
14676208.00
12613208.00
11958708.00
11616750.00
12384875.00
13665084.00
12096791.00
11563500.00
11328792.00
12840709.00
12020750.00
11924500.00
9828625.00
11602583.00
11794875.00
12287458.00
11301833.00
11722333.00
11518584.00
12717750.00
10855584.00
12118625.00
12741833.00
11815000.00
11719417.00
11921666.00
12382375.00
11041958.00
12500333.00
11908042.00
12390875.00
13981750.00
11655708.00
11992042.00
11710000.00
12407000.00
11700041.00
11251292.00
11908125.00
11911084.00
12897000.00
11498291.00
12616208.00
11852250.00
11870417.00
12325000.00
14508833.00
11680959.00
11647042.00
12019250.00
12049792.00
11581792.00
12273125.00
Throughput: 0.00 ops/sec
Latency Measurements (ns):
Throughput: 0.00 ops/sec
Latency Measurements (ns):
Throughput: 0.00 ops/sec
Latency Measurements (ns):
Throughput: 0.00 ops/sec
Latency Measurements (ns):
Throughput: 0.00 ops/sec
Latency Measurements (ns):
Throughput: 0.00 ops/sec
Latency Measurements (ns):
Throughput: 0.00 ops/sec
Latency Measurements (ns):
Throughput: 0.00 ops/sec
Latency Measurements (ns):
Throughput: 90.05 ops/sec
Latency Measurements (ns):
39639375.00
10499250.00
10772291.00
12076250.00
12510292.00
12336542.00
10956917.00
10805708.00
11773666.00
12817333.00
10119500.00
12354083.00
12726583.00
12359041.00
9223667.00
11709625.00
12615500.00
11480375.00
11803917.00
12983750.00
12369084.00
13052583.00
11966458.00
10018750.00
12590833.00
12099584.00
14734417.00
12428084.00
13921667.00
12258292.00
10403250.00
13454250.00
12622417.00
12275208.00
12263625.00
10636958.00
11869042.00
12486333.00
14753417.00
13523542.00
12198458.00
9674958.00
12585333.00
10426292.00
11938375.00
12647959.00
12499708.00
11855334.00
13227125.00
9800458.00
12904875.00
13378917.00
14209042.00
12995500.00
13441625.00
12312500.00
12121375.00
12362500.00
10911333.00
10862083.00
12642959.00
11073375.00
13339417.00
14969708.00
12478750.00
13647750.00
13372792.00
11677542.00
12293542.00
10550959.00
11415542.00
9850500.00
12284958.00
12283542.00
9889875.00
12331334.00
11632958.00
12063375.00
11089541.00
12225875.00
11767667.00
13196625.00
13855000.00
9701042.00
12530542.00
9857625.00
11087334.00
12524334.00
13717708.00
12266042.00
11888959.00
14160417.00
16994459.00
13609375.00
13359375.00
16889042.00
12268917.00
11459125.00
17833250.00
13224416.00
12135083.00
11777833.00
15098083.00
9856500.00
12979292.00
12815833.00
9086375.00
12362208.00
12110542.00
11335333.00
13070750.00
11358583.00
12612750.00
12713708.00
12924958.00
12314792.00
13419958.00
13472542.00
12705417.00
9701083.00
13833291.00
14547791.00
54527458.00
10124542.00
12536208.00
13517875.00
13443375.00
12350917.00
13719833.00
10621500.00
12079125.00
12243375.00
12693875.00
12599417.00
12260041.00
14722125.00
12953209.00
12557042.00
14300125.00
13297833.00
13275500.00
14607042.00
10960041.00
15706250.00
14152792.00
13377500.00
12171042.00
10730416.00
10531583.00
12749917.00
11211959.00
11964959.00
12186500.00
13117000.00
12468291.00
11849625.00
13325458.00
14200500.00
12588875.00
13833584.00
12372625.00
12396750.00
12656166.00
12073334.00
10333875.00
10792000.00
12801125.00
12937708.00
11815041.00
12332291.00
14805625.00
11884416.00
12459208.00
12331958.00
13100375.00
12172750.00
12539500.00
13137333.00
11114667.00
12222125.00
13927667.00
12520125.00
10812125.00
11959416.00
13231250.00
12655084.00
13092334.00
13036375.00
12263792.00
12923167.00
12033125.00
12089542.00
13643667.00
12933125.00
10668583.00
12903458.00
12249000.00
12640167.00
14727375.00
12259917.00
10249958.00
10846583.00
11310792.00
13348167.00
12147458.00
12976708.00
13070166.00
10125417.00
13189042.00
14362750.00
12710000.00
13401500.00
12546792.00
11333750.00
12522417.00
13022208.00
12084875.00
13148958.00
12323084.00
12333084.00
63005000.00
13169417.00
14535250.00
13840000.00
14036625.00
13024250.00
12546959.00
12243083.00
12675250.00
11035708.00
12972541.00
10624458.00
12985209.00
11214000.00
13082166.00
12680500.00
10234250.00
12742542.00
13294042.00
12671417.00
12845583.00
13277333.00
12973166.00
12781625.00
13646500.00
12126292.00
13611917.00
10959417.00
13971709.00
12566375.00
15888333.00
13276000.00
11797708.00
14510750.00
10379792.00
10791375.00
13126834.00
14037875.00
10142292.00
13177708.00
12762583.00
12711709.00
12957458.00
10789250.00
10749042.00
10610750.00
11190417.00
12314500.00
12711708.00
13849125.00
11988708.00
12265417.00
12593375.00
13122500.00
12401791.00
12097625.00
12579000.00
14121500.00
12450000.00
12067334.00
12857334.00
13408458.00
12442625.00
14818917.00
12759375.00
14207583.00
12568833.00
13638708.00
12725750.00
11823917.00
12253542.00
11298667.00
12460250.00
14545958.00
16176666.00
13325708.00
12923833.00
11131583.00
12906750.00
12480791.00
16798750.00
13347417.00
13088875.00
12348792.00
13215750.00
19632375.00
12867334.00
12070875.00
15410959.00
12911250.00
12864167.00
15631292.00
10994292.00
12873542.00
10705334.00
13300917.00
13898125.00
10902208.00
11732542.00
10085625.00
12871458.00
14153125.00
12926750.00
13566708.00
11094916.00
12303917.00
13257541.00
13553375.00
12770583.00
12218916.00
13276000.00
10492291.00
12913042.00
10057417.00
15581916.00
12639750.00
12675000.00
13573208.00
13138084.00
13029375.00
13009125.00
13824958.00
12894500.00
12630875.00
12033500.00
13988459.00
13184708.00
13368333.00
13124041.00
13178500.00
15850667.00
13281291.00
19005000.00
10088208.00
14217541.00
14371333.00
11714167.00
15062541.00
13753834.00
12783833.00
13014291.00
13255917.00
12754167.00
13196500.00
14076666.00
12842125.00
13016458.00
13494833.00
12835917.00
12773792.00
62934334.00
13566917.00
13294750.00
14735042.00
13406666.00
14625167.00
12367666.00
11558166.00
10883375.00
10488083.00
13883750.00
11225041.00
15851000.00
12959000.00
14870667.00
12950667.00
12375333.00
13906167.00
13112208.00
14237042.00
13148417.00
10613458.00
11724792.00
13423625.00
13795167.00
13822792.00
12167834.00
14258958.00
13015916.00
13594916.00
11375000.00
14209958.00
13006333.00
13733708.00
13363292.00
14155459.00
13833625.00
12800875.00
13230333.00
16706166.00
10954250.00
14325333.00
14876208.00
11237375.00
13207791.00
14333167.00
15857959.00
12862917.00
14358250.00
14013375.00
13224125.00
15101584.00
13331125.00
13260750.00
12886875.00
14393417.00
15522167.00
13796417.00
9965333.00
12769625.00
13233125.00
11376625.00
11883375.00
13444291.00
13564000.00
16609833.00
11957958.00
13664750.00
13290666.00
11262542.00
13298250.00
11952250.00
10762709.00
13602083.00
14936584.00
13528000.00
12817417.00
14331083.00
10809000.00
11344708.00
13367708.00
16304500.00
11215666.00
12959459.00
12699250.00
11845542.00
13772417.00
10652833.00
11192208.00
12024500.00
11010500.00
12722958.00
13627459.00
13392583.00
11644750.00
10359542.00
14778917.00
14536625.00
11047417.00
11915875.00
13711584.00
10835708.00
16755042.00
11579584.00
13794459.00
11640666.00
13693541.00
13695833.00
13242333.00
15226209.00
13942084.00
12938958.00
11983917.00
11966125.00
14257167.00
13046250.00
16076959.00
14177500.00
12509834.00
14159041.00
13595875.00
14663917.00
14549750.00
13857916.00
14111083.00
14612042.00
13719792.00
13086709.00
14050209.00
15823208.00
12885750.00
12432917.00
13230292.00
13907500.00
12990958.00
13763583.00
14806917.00
13049292.00
11580000.00
12202667.00
12542125.00
12877167.00
12404833.00
14132291.00
12773375.00
11764000.00
17914208.00
14568708.00
14175750.00
14881208.00
12093041.00
13777250.00
12814542.00
14375208.00
13213292.00
11912167.00
15104834.00
14909792.00
11670666.00
14179334.00
13492334.00
14149958.00
13494541.00
11420166.00
13544833.00
13939458.00
11705292.00
16020666.00
12796708.00
11738917.00
16185917.00
14102833.00
54302041.00
14077917.00
13615791.00
17864042.00
12151000.00
14082167.00
11985583.00
17542916.00
13826333.00
14345959.00
14656625.00
14199333.00
13990959.00
15768833.00
12180834.00
14142792.00
13627458.00
13917167.00
13597750.00
16214000.00
14787375.00
12697417.00
12533291.00
13448667.00
11634375.00
13106959.00
14822209.00
10527250.00
14425125.00
12082666.00
12523667.00
13593625.00
12372875.00
13359208.00
10914250.00
21910583.00
16836500.00
12953000.00
13686500.00
13167916.00
14208833.00
10649208.00
13539917.00
14905875.00
11263667.00
16219042.00
13500125.00
11392750.00
11721584.00
14549000.00
14115959.00
14222125.00
15153042.00
11892250.00
13847000.00
12344416.00
15802333.00
15293291.00
12430042.00
11492666.00
13346709.00
13324250.00
13901083.00
14545291.00
13666416.00
14273833.00
12114750.00
13523375.00
13968833.00
13432250.00
14965792.00
14392250.00
15475625.00
10960750.00
14067959.00
14285917.00
15040166.00
14258166.00
11328416.00
12555000.00
13929875.00
12888791.00
11096959.00
13511208.00
15125000.00
13944166.00
12868584.00
15143042.00
13870917.00
14515958.00
32782417.00
15881958.00
14984416.00
15082584.00
15062666.00
16559250.00
15600833.00
16183125.00
11818209.00
13561250.00
14011458.00
13382500.00
13934333.00
11952625.00
15234542.00
14166083.00
16641083.00
14661167.00
14168917.00
14317542.00
15160458.00
14400708.00
14915125.00
15435125.00
14905375.00
14431791.00
12154459.00
14997292.00
13920042.00
14744375.00
15429209.00
14301083.00
11780917.00
13446875.00
13879000.00
13433375.00
15782833.00
13849291.00
13349459.00
14150500.00
14069875.00
12646916.00
13709375.00
14952000.00
13681250.00
14498500.00
10707500.00
14369417.00
13688958.00
14320042.00
18098458.00
15094542.00
14338625.00
17186500.00
14872958.00
13375959.00
13089250.00
12383709.00
18975292.00
14822958.00
13777875.00
14681000.00
15020958.00
14856709.00
13123125.00
18895125.00
13836125.00
14492167.00
14243500.00
16980041.00
14167291.00
14935042.00
14159417.00
12987750.00
14682042.00
17826875.00
