Throughput: 85.27 ops/sec
Latency Measurements (ns):
1367208.00
508917.00
1154083.00
536375.00
512583.00
363500.00
561000.00
709333.00
602791.00
554291.00
441083.00
422500.00
446625.00
444000.00
440000.00
381209.00
383708.00
405083.00
538875.00
582917.00
446250.00
518250.00
574125.00
326792.00
391625.00
424458.00
519250.00
439500.00
219167.00
249584.00
512625.00
502583.00
468750.00
496000.00
508250.00
638625.00
536125.00
434208.00
623458.00
595084.00
517500.00
542041.00
548500.00
723166.00
661709.00
522625.00
473208.00
648083.00
508292.00
552667.00
601083.00
553542.00
511542.00
599584.00
628333.00
583125.00
474417.00
561416.00
668541.00
647250.00
650583.00
633666.00
637625.00
585292.00
776667.00
406250.00
618125.00
778041.00
715750.00
582125.00
668458.00
640625.00
675417.00
726167.00
669542.00
740417.00
713167.00
658708.00
681208.00
847375.00
886250.00
751542.00
491875.00
729542.00
693000.00
732500.00
730666.00
711875.00
1001875.00
759959.00
912334.00
886083.00
735708.00
758708.00
653833.00
682792.00
800958.00
698916.00
744625.00
779958.00
616000.00
983125.00
813584.00
869625.00
756792.00
838542.00
1632166.00
1030959.00
731500.00
1061583.00
1052500.00
797292.00
1042750.00
948500.00
869417.00
909250.00
910834.00
944709.00
554000.00
900709.00
797750.00
841875.00
806875.00
847083.00
928541.00
844916.00
944625.00
855542.00
838208.00
1220875.00
805708.00
789584.00
791916.00
824791.00
1024958.00
1028750.00
1025375.00
972208.00
883208.00
819584.00
828958.00
756417.00
898791.00
913958.00
1056792.00
728833.00
1048250.00
997083.00
964542.00
965625.00
917333.00
908542.00
895000.00
944208.00
933500.00
852416.00
970625.00
933666.00
971417.00
986542.00
968959.00
984334.00
1130958.00
1006000.00
1747375.00
975291.00
1104042.00
928125.00
1335167.00
1118500.00
1200750.00
982875.00
948292.00
970917.00
936666.00
968417.00
1096333.00
988875.00
1293083.00
1169208.00
994500.00
1446583.00
1107083.00
1142291.00
1108333.00
1035250.00
982833.00
1090833.00
1028875.00
1165292.00
1257000.00
1270292.00
983125.00
1179042.00
1090000.00
1111875.00
1152791.00
1118833.00
1052125.00
1143750.00
1320625.00
1281875.00
1007416.00
1114542.00
1155542.00
1166584.00
1285209.00
1114000.00
1243625.00
1085708.00
1151166.00
1616750.00
1325750.00
1342708.00
1180583.00
1493583.00
1156500.00
1261500.00
1326459.00
1223875.00
1116250.00
1223458.00
1225083.00
1454833.00
1316292.00
960458.00
1206250.00
1166917.00
1178542.00
1025916.00
1313375.00
Throughput: 0.00 ops/sec
Latency Measurements (ns):
1296916.00
1186833.00
1180583.00
1393583.00
Throughput: 0.00 ops/sec
1274750.00
Latency Measurements (ns):
1397166.00
1333792.00
1321208.00
1140083.00
1031208.00
1347000.00
1592709.00
1287542.00
1282500.00
1286917.00
1226458.00
1299291.00
1222000.00
1147541.00
1367875.00
1461125.00
1199875.00
1632084.00
1316083.00
1104875.00
1725292.00
1258125.00
1331708.00
1472791.00
1425083.00
1374584.00
1713542.00
1348292.00
1181791.00
1763584.00
1198166.00
1420125.00
Throughput: 0.00 ops/sec
1445459.00
Latency Measurements (ns):
1326000.00
1326166.00
1396792.00
1354083.00
1287875.00
1259667.00
1477000.00
1373000.00
1363625.00
1514541.00
1362500.00
1448333.00
1371833.00
1296833.00
Throughput: 0.00 ops/sec
1633667.00
Latency Measurements (ns):
1419833.00
1419500.00
1435541.00
1377834.00
1354584.00
1435417.00
1494125.00
1335625.00
1478625.00
2286542.00
1742542.00
1482667.00
1587833.00
1608833.00
1386041.00
1405875.00
1873500.00
1571292.00
1430708.00
1460459.00
1475375.00
1458291.00
1620542.00
1258958.00
1576541.00
1591375.00
1518542.00
1448916.00
1222875.00
1739875.00
1379125.00
1321583.00
1333375.00
1756000.00
1818834.00
2232792.00
2125209.00
1836750.00
1802042.00
1644208.00
1512875.00
1440000.00
2929625.00
1969583.00
1731000.00
1562542.00
1244667.00
1866083.00
1313750.00
2367250.00
1485292.00
1479333.00
1640917.00
1696792.00
2371292.00
2163834.00
1683792.00
2055750.00
2050500.00
1596209.00
1490958.00
2353833.00
2162625.00
1703458.00
1543417.00
1428041.00
1594375.00
1348334.00
1700708.00
1747917.00
1835458.00
1785458.00
1734500.00
1641416.00
2260375.00
1774209.00
1660084.00
1598875.00
1768375.00
1805333.00
2096584.00
2099375.00
1665333.00
1283250.00
1750500.00
1623167.00
2165125.00
1747500.00
1454083.00
2364500.00
Throughput: 0.00 ops/sec
Latency Measurements (ns):
Throughput: 0.00 ops/sec
Latency Measurements (ns):
1594959.00
1675875.00
1524833.00
1529708.00
1789667.00
1845625.00
1824208.00
2348375.00
1735875.00
1980084.00
2095959.00
1778042.00
1739458.00
1657875.00
1786625.00
1799417.00
2166459.00
2981000.00
1368125.00
1583667.00
1776875.00
1674709.00
1881209.00
2138875.00
2013667.00
1669458.00
2377791.00
1670084.00
1647000.00
1648834.00
1931375.00
1695333.00
1700625.00
2240375.00
1717916.00
2290041.00
1888416.00
2019625.00
1903958.00
2361875.00
1733292.00
1380792.00
2801875.00
1793583.00
3141459.00
3117292.00
2383042.00
2020125.00
1921666.00
2305208.00
1680791.00
1450125.00
2342500.00
1725792.00
2141167.00
2564792.00
2124625.00
1884333.00
2236167.00
2272167.00
1923333.00
1767125.00
1840917.00
1604625.00
1894959.00
1890458.00
1863333.00
1661584.00
1897917.00
1790791.00
1936375.00
2658916.00
1578458.00
1921459.00
2110500.00
2678125.00
2135375.00
1872334.00
2018667.00
1917458.00
2502042.00
1872792.00
1984917.00
2279291.00
1932208.00
1935542.00
1532958.00
2548791.00
1941875.00
2253459.00
2358792.00
2312291.00
2720000.00
2524708.00
2308500.00
1736791.00
1803750.00
2037000.00
2039834.00
2361750.00
2666833.00
1952334.00
2215375.00
2187917.00
2550292.00
2244708.00
2699584.00
1840667.00
1999209.00
2698208.00
2557166.00
2030625.00
3209333.00
2187792.00
1834875.00
1701291.00
1841541.00
1826500.00
2747333.00
2172333.00
2491209.00
2017708.00
2811083.00
2345708.00
2324958.00
1973875.00
2164333.00
2132042.00
2122875.00
2157500.00
2201584.00
2512000.00
2353750.00
2115375.00
2708083.00
3019042.00
2046584.00
2846708.00
2691167.00
2849333.00
1856333.00
1950042.00
2002000.00
2942167.00
1941792.00
2405417.00
2071250.00
2559875.00
2187291.00
3139916.00
2398167.00
2647125.00
1759458.00
2560375.00
2614542.00
2580958.00
2985583.00
2334333.00
2871458.00
1594458.00
2232000.00
3154166.00
2524375.00
8404083.00
2717958.00
3079125.00
2074250.00
1999834.00
2277333.00
2164750.00
2747500.00
2591000.00
2585500.00
3055417.00
2524625.00
2351541.00
2277750.00
2428333.00
2651917.00
2205833.00
2062083.00
3097084.00
2320167.00
1942500.00
4076250.00
2739375.00
2958833.00
2096792.00
3218208.00
4365833.00
60163792.00
10205750.00
2414291.00
2304667.00
2305417.00
2632291.00
3340666.00
2153667.00
2352458.00
6799334.00
2423292.00
3268458.00
3124000.00
2605375.00
2313584.00
2064250.00
2191208.00
3158834.00
1865917.00
3894416.00
2414083.00
2773750.00
3225541.00
2558209.00
2216292.00
3041625.00
2231166.00
2282834.00
3108417.00
2341000.00
1913083.00
2677791.00
3057042.00
2231917.00
1954917.00
3423375.00
3504583.00
3276375.00
2382041.00
2612416.00
3016584.00
2625792.00
3017292.00
3470750.00
2372583.00
1998416.00
2514500.00
2317375.00
3414708.00
2572417.00
2854583.00
2356208.00
2373000.00
2285542.00
2550291.00
4055375.00
2314625.00
2315458.00
2279458.00
3429375.00
2829416.00
3397125.00
3155292.00
2341583.00
2473958.00
2522375.00
3176041.00
2438250.00
4141917.00
4310542.00
2227375.00
3598750.00
2019875.00
3276166.00
3509000.00
4062083.00
2551334.00
2660959.00
3574291.00
3686083.00
3624958.00
2580167.00
2665291.00
2812709.00
3605292.00
2261583.00
2667792.00
2866792.00
2563834.00
3347125.00
3402375.00
2445500.00
3247666.00
3335542.00
3260541.00
2723625.00
2521333.00
2769500.00
2484042.00
3977583.00
3676917.00
2649250.00
2727041.00
3485167.00
3119333.00
3631750.00
3619916.00
2707417.00
3504000.00
3440875.00
2555917.00
3207458.00
2785958.00
2216375.00
3154416.00
2160500.00
3107291.00
2299333.00
3293166.00
6753417.00
3640958.00
3616750.00
4435625.00
3396041.00
3816250.00
3719459.00
3454500.00
3265208.00
2632625.00
2739542.00
2715458.00
3529458.00
2938333.00
2951459.00
2627625.00
2700750.00
5241250.00
2896708.00
2639959.00
2924625.00
3502417.00
3746500.00
3846625.00
3068083.00
3323292.00
2883792.00
3516917.00
2782208.00
2830917.00
3852167.00
2716417.00
4346625.00
3024916.00
3675791.00
2751208.00
3320958.00
3379000.00
2608458.00
3835291.00
2670458.00
2722209.00
3779125.00
3353958.00
2944708.00
3561834.00
3903791.00
3095916.00
3711791.00
2500250.00
2655416.00
3350584.00
3075875.00
3062334.00
3829041.00
4071000.00
2512833.00
2583584.00
4016334.00
3006500.00
2865958.00
2821250.00
2513583.00
2604500.00
2276791.00
2936458.00
3993541.00
3052917.00
3029167.00
2802708.00
3441042.00
3742584.00
3976334.00
3208583.00
2918292.00
2962625.00
2694750.00
2854917.00
4059167.00
2744083.00
2991917.00
3642375.00
3098500.00
3013125.00
2928208.00
3884791.00
2664541.00
2907083.00
2441042.00
3800334.00
3047500.00
2809000.00
4155708.00
2864208.00
3812125.00
2909333.00
3797458.00
4292584.00
2630459.00
4114250.00
3726667.00
4931375.00
4710625.00
4081125.00
2920666.00
4336084.00
2837500.00
2858041.00
4242958.00
2525583.00
3598834.00
3686750.00
2741625.00
4231792.00
8922792.00
16580958.00
11613750.00
3232333.00
3500125.00
4065125.00
3740875.00
5469167.00
4421833.00
3616917.00
4008708.00
4091542.00
2987958.00
4082500.00
2880625.00
4543292.00
4280791.00
4322583.00
4301083.00
3138750.00
4569250.00
3950333.00
4258667.00
3620458.00
3908459.00
4453375.00
4679041.00
4216375.00
2632334.00
3306042.00
3845333.00
3154083.00
3160459.00
3481667.00
4383709.00
3507500.00
5368292.00
4416458.00
2941084.00
3219083.00
3040750.00
4365500.00
4393167.00
4631917.00
3285000.00
6165792.00
3619709.00
3711625.00
4661209.00
4267292.00
3667625.00
3773125.00
4210375.00
2889583.00
4430958.00
4430541.00
2436959.00
4678125.00
4490625.00
4091167.00
3229625.00
3153792.00
3319667.00
4245250.00
3416041.00
3259750.00
3015791.00
3310917.00
2991375.00
3377333.00
4164792.00
4341458.00
3386625.00
3994958.00
2697875.00
3971834.00
4369292.00
3271542.00
4388333.00
2798334.00
3015833.00
4098042.00
3167584.00
4780667.00
4788333.00
3704250.00
3064250.00
2870000.00
4392000.00
3540417.00
4352208.00
4425084.00
4714792.00
3431084.00
4311458.00
3428084.00
2812750.00
3783583.00
3403458.00
3143375.00
3361959.00
3245042.00
4163917.00
3403958.00
3328584.00
3578500.00
4367166.00
3407750.00
4979333.00
3414834.00
3568417.00
3366875.00
3157959.00
3440500.00
3297875.00
3550292.00
4802916.00
3509167.00
4307583.00
3619709.00
4493792.00
14675833.00
3418792.00
3238083.00
3652542.00
4921625.00
4277000.00
4760208.00
3255375.00
3566833.00
4491000.00
4594459.00
4089792.00
2871875.00
3476083.00
5349833.00
3399708.00
4577250.00
8832917.00
3992292.00
3499791.00
3971125.00
3924084.00
4927041.00
3508167.00
4863250.00
5977250.00
3712375.00
3261375.00
3851709.00
4293167.00
4579875.00
3769708.00
4474334.00
3396375.00
4664083.00
4050541.00
4705416.00
4017583.00
4124542.00
4770167.00
3323750.00
4174250.00
4383791.00
4371625.00
4962375.00
3554625.00
4163458.00
3743917.00
3776541.00
3126208.00
3338333.00
3391583.00
5575084.00
6084167.00
4183292.00
4975417.00
3895208.00
5580458.00
4014292.00
4221417.00
4993125.00
4977667.00
5644209.00
4015209.00
5475333.00
3356542.00
4577583.00
3612000.00
10858542.00
10668292.00
5550292.00
3736375.00
4635792.00
3485750.00
4105833.00
3708791.00
4276417.00
4855250.00
4224667.00
3245750.00
6311833.00
3823292.00
4512083.00
5431959.00
3778250.00
4194667.00
4665625.00
5073417.00
4154625.00
4119875.00
4999375.00
3919250.00
4001917.00
4919791.00
6806000.00
5005208.00
4015667.00
4235833.00
4041709.00
5383875.00
5477125.00
3712041.00
5612000.00
4125375.00
5461625.00
7199250.00
3763250.00
4030125.00
5520625.00
4199333.00
5517750.00
3208208.00
4224000.00
4737666.00
12959875.00
7845334.00
4248291.00
5898792.00
5016167.00
3843333.00
4789292.00
5799000.00
4101250.00
5500417.00
4568708.00
4195583.00
4266042.00
4508125.00
6724291.00
4662542.00
4486334.00
4241792.00
4367208.00
4136041.00
5713833.00
4325250.00
5843417.00
3676000.00
4369458.00
3386041.00
4260833.00
4006208.00
4200875.00
4234625.00
4620125.00
5345541.00
3906625.00
3950250.00
5533500.00
4245375.00
4188291.00
4372417.00
5993584.00
4274458.00
3835208.00
4585333.00
17811417.00
4351542.00
7273250.00
5593041.00
4332417.00
4483750.00
6390375.00
4456792.00
4015667.00
4735875.00
5877667.00
4715625.00
4325958.00
5708625.00
4108417.00
5247334.00
5115875.00
6222417.00
6093625.00
4158166.00
3609292.00
5806125.00
5486958.00
3816667.00
8409209.00
4717666.00
4549042.00
5886750.00
5377583.00
7343291.00
4699125.00
6379500.00
3955250.00
3606250.00
3669208.00
4452625.00
4066250.00
4333959.00
5103917.00
4368709.00
4437458.00
6939958.00
4186417.00
6053250.00
5712375.00
4271042.00
4385125.00
4115208.00
5814500.00
6202458.00
4269292.00
4244792.00
4347333.00
5684708.00
4834292.00
5731708.00
6492541.00
5119084.00
5747083.00
5680041.00
5887084.00
5745208.00
3778333.00
6281208.00
6018583.00
6114708.00
4313417.00
5911292.00
3763125.00
5691500.00
4672292.00
4208375.00
6411917.00
5859208.00
5117250.00
4951125.00
5714459.00
5838209.00
4728583.00
4692209.00
5390042.00
5079833.00
5807459.00
5926334.00
4322709.00
5698791.00
5460416.00
3712458.00
3753625.00
5204875.00
4434125.00
4763417.00
4465333.00
5666125.00
3945417.00
3721166.00
5765958.00
4925250.00
5513417.00
4703333.00
5731917.00
7327250.00
4128250.00
4530333.00
4026750.00
4653334.00
5687583.00
5508500.00
4562584.00
5412458.00
5249958.00
4975042.00
6060416.00
4530625.00
4608667.00
5217333.00
6114958.00
4032917.00
5905167.00
6403666.00
6113417.00
5673250.00
5478667.00
3892000.00
4486375.00
4943542.00
4616917.00
5895792.00
6005708.00
4309833.00
3801500.00
4174167.00
6062250.00
3876292.00
4122458.00
5037125.00
6176500.00
5150041.00
4569042.00
5869500.00
4665917.00
5008375.00
4587584.00
5933291.00
4738958.00
4323583.00
6751292.00
4534417.00
4569584.00
5897083.00
8321250.00
5878792.00
6462125.00
4917458.00
6078333.00
4622625.00
7843959.00
7895375.00
4784833.00
6679375.00
6476666.00
4910042.00
7603542.00
6802166.00
4764667.00
5045375.00
6109416.00
6234875.00
4694042.00
5022875.00
4638125.00
4404208.00
4272375.00
4550417.00
5974166.00
4268667.00
6073750.00
6740791.00
4898583.00
6006458.00
7498042.00
5688958.00
4163542.00
4417125.00
4537834.00
6542167.00
4947666.00
6438250.00
6397167.00
6882625.00
6395208.00
4553625.00
5502833.00
4678417.00
10264334.00
5615334.00
5873375.00
5611458.00
7111458.00
6967791.00
6701541.00
6938792.00
4112708.00
5543500.00
4450458.00
Throughput: 0.00 ops/sec
Latency Measurements (ns):
Throughput: 83.99 ops/sec
Latency Measurements (ns):
1215250.00
804375.00
1206125.00
683834.00
530125.00
520959.00
479167.00
602625.00
426083.00
162375.00
385166.00
400667.00
469708.00
255875.00
385958.00
351500.00
337291.00
420042.00
405833.00
355667.00
364667.00
584666.00
543500.00
255083.00
352416.00
442125.00
474709.00
632958.00
713583.00
357750.00
455083.00
575416.00
243834.00
547083.00
543292.00
504500.00
380916.00
570417.00
743250.00
564833.00
744875.00
624208.00
582167.00
453417.00
414584.00
390042.00
811541.00
581250.00
512584.00
489792.00
523042.00
403250.00
427792.00
438209.00
473209.00
647917.00
621792.00
618917.00
774500.00
610708.00
594166.00
505542.00
520416.00
633333.00
233500.00
559625.00
450625.00
707542.00
604709.00
697292.00
631375.00
520250.00
545333.00
651208.00
631208.00
647625.00
495375.00
626166.00
610333.00
671333.00
821500.00
724042.00
728125.00
684958.00
529000.00
734084.00
331542.00
673708.00
840541.00
622625.00
483583.00
372625.00
346625.00
376750.00
602709.00
705250.00
677959.00
628834.00
895875.00
1400292.00
1056333.00
946125.00
1372084.00
985708.00
1352542.00
980125.00
1134083.00
794417.00
894416.00
722292.00
737042.00
838542.00
797708.00
828334.00
809125.00
622958.00
863833.00
832459.00
759417.00
832167.00
760333.00
935208.00
801125.00
816042.00
931791.00
949250.00
876042.00
791416.00
890792.00
824500.00
963375.00
779917.00
918000.00
912833.00
599417.00
1257708.00
905417.00
1201083.00
603542.00
927208.00
892458.00
897500.00
1139500.00
693458.00
1100209.00
1019000.00
996792.00
889125.00
990083.00
1090250.00
1019541.00
969250.00
659000.00
986959.00
927834.00
961458.00
1042292.00
1022667.00
1022500.00
1262666.00
1179042.00
971333.00
968875.00
1202958.00
1004875.00
965458.00
993084.00
1061666.00
1022000.00
1126458.00
1030416.00
1311667.00
1042167.00
1023000.00
950625.00
900208.00
996542.00
1154833.00
1112791.00
1076291.00
961542.00
962042.00
1083083.00
1090375.00
1010000.00
1120542.00
1134083.00
1335625.00
973250.00
1169000.00
1042167.00
1118958.00
1347125.00
1208834.00
1069708.00
1126292.00
1063041.00
1170708.00
1150792.00
1070667.00
1142333.00
1199625.00
1053584.00
1052083.00
1099583.00
927250.00
1312750.00
1058917.00
1234375.00
993208.00
1185625.00
1161625.00
1054666.00
1361917.00
1244292.00
1430791.00
1483125.00
1054541.00
1320625.00
2018125.00
1280542.00
1218208.00
1168000.00
1089375.00
1468125.00
1332167.00
1099583.00
1553584.00
1433292.00
1285459.00
1085084.00
1216167.00
1712334.00
1102250.00
1257916.00
1199709.00
1590542.00
1163125.00
1617292.00
1240750.00
957541.00
1150833.00
1024709.00
1186833.00
1708666.00
1258666.00
1187375.00
1180000.00
1218042.00
1254708.00
1431916.00
1070125.00
1216459.00
1253375.00
1072084.00
1277333.00
1271916.00
1267292.00
1255125.00
1303167.00
1367084.00
1093625.00
1410208.00
1426916.00
1288709.00
1387375.00
1384834.00
1451542.00
1257958.00
1347458.00
1290667.00
1337208.00
1323708.00
1297084.00
1389667.00
1147750.00
1292250.00
1757291.00
1538000.00
2104625.00
1449292.00
1610625.00
1392833.00
1557625.00
1087750.00
1355583.00
1367541.00
1350833.00
1384083.00
1439750.00
1654083.00
1829417.00
1309083.00
1452625.00
1434417.00
1382416.00
1532375.00
1817542.00
1925791.00
1458333.00
1370209.00
1906333.00
1423416.00
1218667.00
1382167.00
1309792.00
1283583.00
1373167.00
1481250.00
1617000.00
1884208.00
1526500.00
1843000.00
1487041.00
2010542.00
1501292.00
1340084.00
1946583.00
1745625.00
1233458.00
1641375.00
1599042.00
1867042.00
1593542.00
1514167.00
1813167.00
1617542.00
1745083.00
1613500.00
1744333.00
1885084.00
1526833.00
1039375.00
1899750.00
1381292.00
1554875.00
1637500.00
1519958.00
1667042.00
1541916.00
2117167.00
1610417.00
1762333.00
1617833.00
1674208.00
1527250.00
1961458.00
1691208.00
1665208.00
1788167.00
1591083.00
1555125.00
1524292.00
1637500.00
1726000.00
1601750.00
1724250.00
2128834.00
2032292.00
1705875.00
1897916.00
1818417.00
1700958.00
1562709.00
1445958.00
1538833.00
1701834.00
1924834.00
1599208.00
1901916.00
2333625.00
1792083.00
1658000.00
1526167.00
2173666.00
1627417.00
1754583.00
1815375.00
2392625.00
1623292.00
2189042.00
1603708.00
2194625.00
1324000.00
1429375.00
1634833.00
1870083.00
1891875.00
1787625.00
1532875.00
2442792.00
3516209.00
1641167.00
2511750.00
2106041.00
2210042.00
1748958.00
1730250.00
2315417.00
1843125.00
2240000.00
1696083.00
1704417.00
1778583.00
1680083.00
1813917.00
1432209.00
2738833.00
1718750.00
1851500.00
1713125.00
1807041.00
1717375.00
1964708.00
1800792.00
2095500.00
2495625.00
2492459.00
1824209.00
1680333.00
1907375.00
2247458.00
1818375.00
1825125.00
2325083.00
1437250.00
2139542.00
2333750.00
3083250.00
2738125.00
1650542.00
2448541.00
2377750.00
1662667.00
1832208.00
2583625.00
2645250.00
2139209.00
2681875.00
1803000.00
3315500.00
2052000.00
2544958.00
1714375.00
2545875.00
1807875.00
2481041.00
1606333.00
2531125.00
2648000.00
2685500.00
2145875.00
2616417.00
2539625.00
2316791.00
2856167.00
1999042.00
2163875.00
2026292.00
2929666.00
2411541.00
2446000.00
2564500.00
2116417.00
1849125.00
2537000.00
1595667.00
1913916.00
1990459.00
2505500.00
1843792.00
2591917.00
2235500.00
1824375.00
1645208.00
2877291.00
2538917.00
1974709.00
2750417.00
2189708.00
2770709.00
2119750.00
1573583.00
2150958.00
2027459.00
2218750.00
2373834.00
2272583.00
1807583.00
2045125.00
2054167.00
2921875.00
1514167.00
2064708.00
2122875.00
2181541.00
2660000.00
2119042.00
1981833.00
2043708.00
2301333.00
2226083.00
2073083.00
2276958.00
2044750.00
2599834.00
2726417.00
2492041.00
2755541.00
2175584.00
2350917.00
2506708.00
2257042.00
2665500.00
2231750.00
2948459.00
2149500.00
2017459.00
2775792.00
2455792.00
2847167.00
2702917.00
2335000.00
2763833.00
2481709.00
88358458.00
2503792.00
2848000.00
2273167.00
2039875.00
2314667.00
2223833.00
2350500.00
2145917.00
2541542.00
2145167.00
2407417.00
1983708.00
1820834.00
2651083.00
2170375.00
2751500.00
2231625.00
3169417.00
2262542.00
3627375.00
2123917.00
3997959.00
5755875.00
4410041.00
2522209.00
3333500.00
7260125.00
8855208.00
38606875.00
5489667.00
2567709.00
2340375.00
2409417.00
2868042.00
2284833.00
2438125.00
2257459.00
2449791.00
3609166.00
2559083.00
2928750.00
2868750.00
1833000.00
2379583.00
2428625.00
2693417.00
2815333.00
3009541.00
2382625.00
2519375.00
2804875.00
2584041.00
2481125.00
3028500.00
2532625.00
3145958.00
2391833.00
2351333.00
3003250.00
2278250.00
3184167.00
2405458.00
2337708.00
2754042.00
3051791.00
2616542.00
3516750.00
2866458.00
3139125.00
2311500.00
3163667.00
2732959.00
2302250.00
3144834.00
2399375.00
1979834.00
2635625.00
2644917.00
3380166.00
3219083.00
3277000.00
2610542.00
2764291.00
3556292.00
3636833.00
3291792.00
3570875.00
2605542.00
3394667.00
3023625.00
2535292.00
3066500.00
3191291.00
2398042.00
2435125.00
3040000.00
2537041.00
3239542.00
2377542.00
2236708.00
4332708.00
3906458.00
2544792.00
3423000.00
3516583.00
3048625.00
2513833.00
2491917.00
3227875.00
3116208.00
3454834.00
3662750.00
2969083.00
3426416.00
2381708.00
4570708.00
3444125.00
2530666.00
3516542.00
2388416.00
3363667.00
2686125.00
3474875.00
2753250.00
2443666.00
2522750.00
2405125.00
2706417.00
2707500.00
3905208.00
2599792.00
2668708.00
3379334.00
3178542.00
3155375.00
2794875.00
2469458.00
2707875.00
3129125.00
2253416.00
2804958.00
2482666.00
3596333.00
2550375.00
2689417.00
2900000.00
2820250.00
2133750.00
2249291.00
2639792.00
3811875.00
2272625.00
2953458.00
2904709.00
4233250.00
4474583.00
4002208.00
2390167.00
2461750.00
3741250.00
3500208.00
2217750.00
3703250.00
2517292.00
2694292.00
2592250.00
2912209.00
2946167.00
3298041.00
3469542.00
2593542.00
2512667.00
3341833.00
2783584.00
2759667.00
3728209.00
4576708.00
3673166.00
5163750.00
3711125.00
3127416.00
2394625.00
2793708.00
2938792.00
2928666.00
3194208.00
3954084.00
3720458.00
3044042.00
2375333.00
3029833.00
3774917.00
2996416.00
2798042.00
4006584.00
3786750.00
2634708.00
2773417.00
3028125.00
2784042.00
3796500.00
3265459.00
2630125.00
2871875.00
3922709.00
4672542.00
4141917.00
4018917.00
3144916.00
2633333.00
2993583.00
2910416.00
3124875.00
3790000.00
4007750.00
3940791.00
2296958.00
3013958.00
3035417.00
2380417.00
2799458.00
3037667.00
2601417.00
3570458.00
4046250.00
3078000.00
4746292.00
2927541.00
2860416.00
2918458.00
3453583.00
2062083.00
3021208.00
3023917.00
3301250.00
4176625.00
3916333.00
4163042.00
4065292.00
4129375.00
3000125.00
3765375.00
4219750.00
4684709.00
2350083.00
3579250.00
2912583.00
2932917.00
3470125.00
14017166.00
11797541.00
39189625.00
4148917.00
4007500.00
2969000.00
3066667.00
2913000.00
5077667.00
3747000.00
3947083.00
4112750.00
3058875.00
3696375.00
2919541.00
4334833.00
3094291.00
3790417.00
3791583.00
4376916.00
3025500.00
3866167.00
3173292.00
4131917.00
2872208.00
4252042.00
3155459.00
3388500.00
4194500.00
4368875.00
4090583.00
2786167.00
3694583.00
4202875.00
3561333.00
3354584.00
3245125.00
3214542.00
2803167.00
4631583.00
4553292.00
4096000.00
4228667.00
5083709.00
3470708.00
3731459.00
2838458.00
4026792.00
2474959.00
5385250.00
2887250.00
4431208.00
4897375.00
3219166.00
4675250.00
4401042.00
4462834.00
3724917.00
3643917.00
3410458.00
3402583.00
4318584.00
4483250.00
3422041.00
3209875.00
4035750.00
4073875.00
4122042.00
4518125.00
4173334.00
2693416.00
3068041.00
3382000.00
4371042.00
4874583.00
3494125.00
4158208.00
4265625.00
3590250.00
4140041.00
4617750.00
3604083.00
3550375.00
3893875.00
4498416.00
4621208.00
3242542.00
3294416.00
3601208.00
3290375.00
3100708.00
4553208.00
5012000.00
3384042.00
4454333.00
3373459.00
3973583.00
5613708.00
4496875.00
4624958.00
4912666.00
4176750.00
5690417.00
4845000.00
5082375.00
4194750.00
2888167.00
3629083.00
3565250.00
4253042.00
3546292.00
3705500.00
4743959.00
3422125.00
3588250.00
3558125.00
4588334.00
5049958.00
3134750.00
4014959.00
3511292.00
4272542.00
3583417.00
5296708.00
4506292.00
2844875.00
4832209.00
4822750.00
4747458.00
4121458.00
3811334.00
5598833.00
3544458.00
4910000.00
4367291.00
4380709.00
193752458.00
3772500.00
4344583.00
3652500.00
4594416.00
3728791.00
3412375.00
4820625.00
4670792.00
3623708.00
3847209.00
4584709.00
3772500.00
4543667.00
5006917.00
3914042.00
6224917.00
5092667.00
3338750.00
3552917.00
3485125.00
3384667.00
3168292.00
3783917.00
3118833.00
5252500.00
4956792.00
5633167.00
3401583.00
3001916.00
4728917.00
5617000.00
3478041.00
3569083.00
4861208.00
4892583.00
5882416.00
3220167.00
5046042.00
3676750.00
2911667.00
5565458.00
5295500.00
5619958.00
4831875.00
3514458.00
4514125.00
5313375.00
4768166.00
3431958.00
32218792.00
11984791.00
8368042.00
3652292.00
5378750.00
5225250.00
5239000.00
5311166.00
5237709.00
5054708.00
4296833.00
4789334.00
5105709.00
5965208.00
3976041.00
3649917.00
4163750.00
5131541.00
4353959.00
3082166.00
3697334.00
4418042.00
3791583.00
4516792.00
5420667.00
3925667.00
5175917.00
4023625.00
4636958.00
6172917.00
5598875.00
3652667.00
4175292.00
3562750.00
4708000.00
4979167.00
4988500.00
7419500.00
4390166.00
4536750.00
7151250.00
3699000.00
4184959.00
3749417.00
4431792.00
4025375.00
4128333.00
11032417.00
3987000.00
5028875.00
6275833.00
6859125.00
4053458.00
3535084.00
4239875.00
4836208.00
4011458.00
4099459.00
4225291.00
4281875.00
3970208.00
4368666.00
3722167.00
5902834.00
4384916.00
4369625.00
4260708.00
4510125.00
4302125.00
4255167.00
4503125.00
4318541.00
4412584.00
5037084.00
5473792.00
4116416.00
4044417.00
3897084.00
4188167.00
3936167.00
5962791.00
3819334.00
4628167.00
6314959.00
5487167.00
5790791.00
5178625.00
4579458.00
3615833.00
4374208.00
3990709.00
5489000.00
5464625.00
6379750.00
4302917.00
24537209.00
7447000.00
4927083.00
4075459.00
4563667.00
4432791.00
5495500.00
5972042.00
4477000.00
4479000.00
3760000.00
5500709.00
6028750.00
4370333.00
5985041.00
4561417.00
4434666.00
4117542.00
5776541.00
7457541.00
4156584.00
4377083.00
4396125.00
5607500.00
3883791.00
6368292.00
5416292.00
6236917.00
8533250.00
12022167.00
4302542.00
4635000.00
4401209.00
6385833.00
6012292.00
4583125.00
5543875.00
6319125.00
6307000.00
4377583.00
4558042.00
5363459.00
4032875.00
5698584.00
5700333.00
5788208.00
5031750.00
4098416.00
4456584.00
3840750.00
5605292.00
6059250.00
4779791.00
6405375.00
4106000.00
6178000.00
5051250.00
5646542.00
4422875.00
5796542.00
5728875.00
6047667.00
4763834.00
7130417.00
4295417.00
5708291.00
6192750.00
4943959.00
5800708.00
4673250.00
6556333.00
3880375.00
4280792.00
5660625.00
4139459.00
6237542.00
4254708.00
3669125.00
5180708.00
7087000.00
4753500.00
3926916.00
5754625.00
5043375.00
5527500.00
6198375.00
3378084.00
6229125.00
4581333.00
5962583.00
4599500.00
6328417.00
5951083.00
5548125.00
5484750.00
4701459.00
5225042.00
5940250.00
4298459.00
4272666.00
6865083.00
4388208.00
5735167.00
4590375.00
5773042.00
5964042.00
6660625.00
4313333.00
3751208.00
5789250.00
4836209.00
6205375.00
5003833.00
5581625.00
4882916.00
4343709.00
6342959.00
4245083.00
6192334.00
5829167.00
4381459.00
4767916.00
5422541.00
3864333.00
5633792.00
4214459.00
4831083.00
5183042.00
5873416.00
5711375.00
5094042.00
3656125.00
5708541.00
4386500.00
6029875.00
3907875.00
5973083.00
4664459.00
4553459.00
5046250.00
5628459.00
5445083.00
5360875.00
5629959.00
3740250.00
5224750.00
6616125.00
6337417.00
4449209.00
3878292.00
4215875.00
5895166.00
5297041.00
6081667.00
5616208.00
5963708.00
5376250.00
5528875.00
6604584.00
4469833.00
6369625.00
4922750.00
4587292.00
6215250.00
4216333.00
6029875.00
5122583.00
4381084.00
6196125.00
5983375.00
4577834.00
4577000.00
4560792.00
6402625.00
4495375.00
6603167.00
6282959.00
6599833.00
4133541.00
5633250.00
6250750.00
6320708.00
5106000.00
6127875.00
5155500.00
4616166.00
7104250.00
5129042.00
5703417.00
4899833.00
4561209.00
4675209.00
4521458.00
6073958.00
5229500.00
3901542.00
5920917.00
4938583.00
5248750.00
4581709.00
4669333.00
8314375.00
4024333.00
5224667.00
Throughput: 0.00 ops/sec
Latency Measurements (ns):
Throughput: 0.00 ops/sec
Latency Measurements (ns):
Throughput: 0.00 ops/sec
Latency Measurements (ns):
Throughput: 0.00 ops/sec
Throughput: 58.60 ops/sec
Latency Measurements (ns):
Latency Measurements (ns):
6702417.00
4421334.00
4453666.00
5152083.00
Throughput: 0.00 ops/sec
6464125.00
Latency Measurements (ns):
4877667.00
3922750.00
4765667.00
5654083.00
5685042.00
4982042.00
4872792.00
3966666.00
7579625.00
6088416.00
8000583.00
4497500.00
4598875.00
5837666.00
4565083.00
5711083.00
5016959.00
4819500.00
7796542.00
8028708.00
96601000.00
6758083.00
4645583.00
5218208.00
6431917.00
8329458.00
5236292.00
7527541.00
4727708.00
6518000.00
5045959.00
7097541.00
5414584.00
4746458.00
4653959.00
5404542.00
4799334.00
6118209.00
6238208.00
4811583.00
4996958.00
5483292.00
6410500.00
4271875.00
6476375.00
Throughput: 0.00 ops/sec
Latency Measurements (ns):
4227667.00
6976208.00
5386708.00
4719250.00
4640125.00
5189166.00
5484583.00
6792542.00
4940334.00
7499125.00
4714458.00
7096375.00
6621292.00
4619084.00
6164083.00
4916000.00
4374292.00
5153625.00
8910792.00
5680417.00
4705792.00
4654625.00
Throughput: 0.00 ops/sec
6282583.00
Latency Measurements (ns):
7329917.00
6139458.00
4205166.00
4780792.00
6482958.00
4336166.00
6893167.00
6817542.00
4780750.00
7166875.00
7940958.00
7188083.00
6491959.00
4463208.00
4497000.00
4844792.00
5367167.00
7663792.00
6209334.00
4936667.00
7420833.00
5222667.00
5137500.00
5985583.00
5592083.00
6465334.00
4953792.00
7437000.00
7172833.00
6306250.00
4724792.00
5864209.00
4937875.00
7283416.00
6298667.00
7022792.00
4906750.00
4632750.00
7456209.00
4658583.00
7117166.00
7587125.00
5581166.00
6712708.00
5934208.00
5099958.00
7148500.00
4997584.00
7121916.00
7467541.00
7399375.00
5396334.00
5405625.00
6944917.00
5998583.00
7402750.00
7919542.00
6508041.00
7084875.00
7202125.00
5010542.00
5369000.00
6480291.00
6089167.00
5204500.00
6817167.00
5528458.00
4637375.00
7737416.00
5179541.00
7929959.00
5053250.00
8435167.00
7307292.00
7117875.00
7124250.00
7952958.00
4870209.00
7595125.00
8259625.00
7128459.00
7619875.00
7696333.00
6698917.00
5795167.00
6813083.00
6518500.00
6053250.00
4543916.00
5553292.00
5321208.00
7553292.00
4751208.00
6657375.00
5475000.00
5661709.00
8478083.00
5287125.00
6784667.00
7988500.00
7017667.00
7448250.00
7755250.00
5642000.00
7994291.00
8592791.00
6511125.00
8298834.00
7092125.00
7075625.00
4908666.00
5899791.00
8053166.00
7915333.00
7700541.00
7292375.00
7439875.00
5074875.00
4973792.00
7525458.00
5605709.00
6026875.00
5767334.00
5466959.00
4931166.00
7491292.00
5245542.00
5732875.00
5622833.00
8153916.00
30375625.00
5701666.00
8043584.00
5224041.00
7080041.00
6808583.00
4869500.00
6945958.00
6267666.00
6951375.00
8218333.00
8551625.00
5739458.00
6554291.00
6375500.00
7153166.00
7357500.00
9482541.00
8152792.00
7634500.00
6981541.00
7999500.00
6759750.00
7886125.00
7853375.00
9081167.00
7868375.00
7403541.00
5839041.00
5396291.00
7253583.00
7992709.00
4774791.00
8440875.00
6703208.00
4901750.00
8336917.00
10505041.00
7963542.00
7270000.00
6319708.00
5694083.00
8838083.00
5214375.00
5111208.00
5923334.00
7420166.00
7800208.00
5854125.00
6361333.00
7477959.00
6292917.00
5390708.00
6028459.00
5662834.00
5966333.00
6368250.00
5843083.00
5481000.00
6843916.00
7711291.00
5838083.00
8323042.00
7300666.00
5288583.00
6936875.00
4900584.00
7510250.00
6851458.00
5851459.00
8261083.00
8081167.00
9351334.00
5424917.00
5904416.00
4905625.00
6761000.00
6331875.00
8949875.00
8568708.00
8465666.00
6108875.00
5764500.00
6818250.00
6804417.00
7792666.00
7169625.00
5204333.00
7058708.00
5622334.00
9768084.00
7519166.00
7832625.00
8049166.00
8833833.00
6043541.00
5978250.00
7343292.00
5839833.00
7320250.00
7846625.00
8589833.00
5830167.00
7466667.00
7041625.00
7398625.00
8819500.00
5564833.00
6385791.00
5565333.00
4976000.00
8326125.00
5754209.00
9912042.00
8657166.00
8268542.00
5396625.00
6740667.00
6950459.00
8404667.00
6449167.00
5218333.00
9675750.00
6188875.00
6980834.00
5855334.00
8775583.00
6637541.00
7156291.00
8404667.00
5784000.00
5381875.00
6320583.00
8892584.00
8672417.00
5867167.00
5202417.00
6187750.00
8711542.00
6005584.00
8531334.00
7267334.00
8303625.00
5552500.00
5576875.00
10090125.00
8504709.00
10382334.00
7298167.00
5346500.00
8819083.00
5359208.00
6992125.00
6099208.00
8663166.00
6865833.00
6262583.00
8919667.00
7504208.00
8736084.00
5777208.00
8056792.00
6275000.00
7369875.00
6951750.00
6900208.00
6312708.00
6395708.00
8501041.00
6833708.00
9252917.00
6147500.00
9422375.00
7360209.00
8662000.00
6780333.00
7640833.00
8764291.00
6589834.00
7787083.00
5725000.00
8605375.00
8098792.00
8342375.00
5940709.00
7891250.00
9545167.00
10589208.00
5634541.00
8168500.00
8570792.00
8145875.00
6414375.00
7511125.00
6501250.00
6233458.00
5752375.00
5361250.00
5576083.00
8251750.00
9202458.00
6374458.00
8319750.00
6808416.00
8658125.00
8810250.00
8623208.00
8778042.00
7942541.00
8018542.00
7795208.00
8026666.00
7026209.00
8508083.00
10698208.00
9305084.00
8495458.00
6610625.00
8211667.00
8473375.00
6093084.00
7032208.00
7155208.00
10535750.00
7994459.00
9764459.00
6885750.00
6444750.00
6546708.00
7239667.00
6193417.00
7622750.00
9746958.00
6930750.00
11448292.00
8889167.00
6317917.00
8256916.00
10463125.00
8402292.00
6963125.00
8892916.00
6902334.00
7111125.00
5797000.00
10836833.00
5468583.00
7565042.00
9034542.00
6989042.00
7021625.00
8559750.00
5905167.00
7014542.00
5736791.00
7987584.00
10710166.00
7524209.00
6560041.00
6528583.00
7514125.00
7201708.00
7719709.00
7957959.00
6651000.00
7622042.00
7134834.00
6627166.00
5794125.00
8117958.00
10996875.00
7093083.00
7467750.00
9088459.00
9976000.00
8830166.00
7768458.00
8809250.00
8938833.00
7096667.00
6593000.00
9691167.00
6485083.00
10287875.00
8441959.00
9965208.00
9396875.00
7494500.00
8817000.00
8542917.00
6014459.00
6915750.00
10102250.00
7677958.00
6328125.00
Throughput: 59.51 ops/sec
Latency Measurements (ns):
6241875.00
6291083.00
5593833.00
5938708.00
4595250.00
4685791.00
6576209.00
4573958.00
4953458.00
4585416.00
5705000.00
6010458.00
4598459.00
5986875.00
5281958.00
5090250.00
7256958.00
5631333.00
4874041.00
6431042.00
5982959.00
6530083.00
4591667.00
8772459.00
5976834.00
6687000.00
6993917.00
27566541.00
6406125.00
4428416.00
6400083.00
6244542.00
6966667.00
5566542.00
6761709.00
7091000.00
7204792.00
6598292.00
4810709.00
5872292.00
7104666.00
5245959.00
8276459.00
6852375.00
6400833.00
5805500.00
4296542.00
6528459.00
5279333.00
6164583.00
7346541.00
4485833.00
6143709.00
7052416.00
6733125.00
5126875.00
5987083.00
5175209.00
7444291.00
4965209.00
5778542.00
5660958.00
6746250.00
4401917.00
4780792.00
4965792.00
4859500.00
7510667.00
7126208.00
7116500.00
4436292.00
4100292.00
7321709.00
5125625.00
5904375.00
7380291.00
5873625.00
7024792.00
5342958.00
6971875.00
4658166.00
4285250.00
7346250.00
6986417.00
4704875.00
7145375.00
7395917.00
6554959.00
6154583.00
5089125.00
4636709.00
7247791.00
5101541.00
4937208.00
4914000.00
5175375.00
6883083.00
5390125.00
6304667.00
6500709.00
5367083.00
6272584.00
7293625.00
5654292.00
5852834.00
7800333.00
5104708.00
4924041.00
6598875.00
8791583.00
6795500.00
5750250.00
5957667.00
6577250.00
4056125.00
4695833.00
5053750.00
5806125.00
5047917.00
6136750.00
6756875.00
5882875.00
6065000.00
6260084.00
4804292.00
5174417.00
6265584.00
4385666.00
7151333.00
6781208.00
7243917.00
5605292.00
7162166.00
7247667.00
7958791.00
6753167.00
5734333.00
6153417.00
4423125.00
6943875.00
4655541.00
7555792.00
7311166.00
8275875.00
8024083.00
4915375.00
5117708.00
5767542.00
8307459.00
5360958.00
7100500.00
6870333.00
5161917.00
7819875.00
5882334.00
7690041.00
6900833.00
5469250.00
7008792.00
6961834.00
6007375.00
5248375.00
5003708.00
5250250.00
5766250.00
6295833.00
6810541.00
4669458.00
5339041.00
7084417.00
4746375.00
6238542.00
4594375.00
7017583.00
5821167.00
6596209.00
7602625.00
6585167.00
6077208.00
5995458.00
7761084.00
7592417.00
4439250.00
6713417.00
5134167.00
5572084.00
7177125.00
4989584.00
4732917.00
7049000.00
6403750.00
5066875.00
7643084.00
4758375.00
4726916.00
5477041.00
5292292.00
5080334.00
5957166.00
5180292.00
8120042.00
7027750.00
4752208.00
7590375.00
4491542.00
5897375.00
8162416.00
5211000.00
7480833.00
7838417.00
5416875.00
5299208.00
6933167.00
6716292.00
6760958.00
8219125.00
5834167.00
8068042.00
97179333.00
5186959.00
5897917.00
7081500.00
6139833.00
6049958.00
7175042.00
7054583.00
6758791.00
7826000.00
7085083.00
5527000.00
9543542.00
7233166.00
4804000.00
7084209.00
8285083.00
6802167.00
7301583.00
8506375.00
7387792.00
7420417.00
7198083.00
7925375.00
6786250.00
9093041.00
7370084.00
5487208.00
8146584.00
8376167.00
7129167.00
7935000.00
6872500.00
7777458.00
7137917.00
7546791.00
8923125.00
6363083.00
5090917.00
5697042.00
8082166.00
7748333.00
6867042.00
5196500.00
4948583.00
6217458.00
5432750.00
7873375.00
6646334.00
7418292.00
8372708.00
7666125.00
6742875.00
8404625.00
7232334.00
6315083.00
7070709.00
6363541.00
5208792.00
6016958.00
6653292.00
6217084.00
5084917.00
7299625.00
7778125.00
6916917.00
6191125.00
5857125.00
5081875.00
5341792.00
8843333.00
7378125.00
7307500.00
6396625.00
8026417.00
8049750.00
5995916.00
7691792.00
6074083.00
8160000.00
8867542.00
7951208.00
8765292.00
5544541.00
5943416.00
6401750.00
5547083.00
6194416.00
6176250.00
8121584.00
7020250.00
5631708.00
6614250.00
8098542.00
7066709.00
5978042.00
7118875.00
7210250.00
8551416.00
7611375.00
7652917.00
8232166.00
7380792.00
5980208.00
6423916.00
6843708.00
7630417.00
6097708.00
7842084.00
6112083.00
6936584.00
5832625.00
10481125.00
8815459.00
5710417.00
8710166.00
8294833.00
7702542.00
7055417.00
7283834.00
7572083.00
6831583.00
6034542.00
7685500.00
5023000.00
9113084.00
6043875.00
7077375.00
6219375.00
8071833.00
7996959.00
5203458.00
7025125.00
5536875.00
5371583.00
6791417.00
7799875.00
7520709.00
8302792.00
7454042.00
7794083.00
7724875.00
5535083.00
7207250.00
7964291.00
7983000.00
6061167.00
8003833.00
5808208.00
7610000.00
8485667.00
8246084.00
6135375.00
7193333.00
6269208.00
6803541.00
6856375.00
7253042.00
7108208.00
5683375.00
6636208.00
7252584.00
7340333.00
7799584.00
5661584.00
9227500.00
5547041.00
6411792.00
7433250.00
10546000.00
7985209.00
7881833.00
8057875.00
8395083.00
8559583.00
9009084.00
6292000.00
10495791.00
7996166.00
8268167.00
8150333.00
5762833.00
7292208.00
5692750.00
8042667.00
9465292.00
6490458.00
9142125.00
6749875.00
8730417.00
7026083.00
8312959.00
6556833.00
8022708.00
4722375.00
9338958.00
5122250.00
6319583.00
5710459.00
7228000.00
7254000.00
7601625.00
8236750.00
7947125.00
6105000.00
7240334.00
6364542.00
8392958.00
5394709.00
7554583.00
6110625.00
5644875.00
5622500.00
8632792.00
7464291.00
7852625.00
7266625.00
8803375.00
9195958.00
9700542.00
9580625.00
7241208.00
11908959.00
11633208.00
10956666.00
8180833.00
6943917.00
6762833.00
9521958.00
10966709.00
8556625.00
6831250.00
6684250.00
8493583.00
6258416.00
5766958.00
9517250.00
6588417.00
7285375.00
7396167.00
7213750.00
10192041.00
9179542.00
6196875.00
9772250.00
8323125.00
7258000.00
6420792.00
12097625.00
6620500.00
7810375.00
7590916.00
5914458.00
8831667.00
9648291.00
6140125.00
8679000.00
9469250.00
6615666.00
6831459.00
8269042.00
6100833.00
7749584.00
7352125.00
7063708.00
8917709.00
8602500.00
8321708.00
7758333.00
10860417.00
7234875.00
7798667.00
7759208.00
8617208.00
9310333.00
7801583.00
9363000.00
6624250.00
7559459.00
10700584.00
12271292.00
8036625.00
8822542.00
9134875.00
5890166.00
9906583.00
5871750.00
7873916.00
45293458.00
Throughput: 0.00 ops/sec
Throughput: 0.00 ops/sec
Latency Measurements (ns):
Latency Measurements (ns):
Throughput: 46.49 ops/sec
Latency Measurements (ns):
12224708.00
10080125.00
8118541.00
6197709.00
7461875.00
10664167.00
7039750.00
6932458.00
7154667.00
6009042.00
6433875.00
7751084.00
15029875.00
11761167.00
6699875.00
10643000.00
8409417.00
6850083.00
8371000.00
7988334.00
6490250.00
11572250.00
7503417.00
8803166.00
9259375.00
8739250.00
8458958.00
5853625.00
7112292.00
9584750.00
6766292.00
9666250.00
9467333.00
8653791.00
9717875.00
8975583.00
7742917.00
8074458.00
8169750.00
9737000.00
8492167.00
6099583.00
7111750.00
7937625.00
9013709.00
9506750.00
8649375.00
9006959.00
8458875.00
7160334.00
6326500.00
8668250.00
7229375.00
10433291.00
7469042.00
5893625.00
6997916.00
7293583.00
9231958.00
7195541.00
8637750.00
7485750.00
10045458.00
9813208.00
5933250.00
6124666.00
10161917.00
6764667.00
9962709.00
9079000.00
9597750.00
Throughput: 0.00 ops/sec
6307375.00
Latency Measurements (ns):
6506042.00
10349708.00
6406542.00
Throughput: 0.00 ops/sec
9166208.00
Latency Measurements (ns):
8233625.00
10455334.00
Throughput: 0.00 ops/sec
7893750.00
Latency Measurements (ns):
10464541.00
6536208.00
8480667.00
6539000.00
9636542.00
6689167.00
6963792.00
8342333.00
8748916.00
7919625.00
6522459.00
11416000.00
10262666.00
8395625.00
7394708.00
9010541.00
9814584.00
8946875.00
6409834.00
8323542.00
8217875.00
10977500.00
8518333.00
10035125.00
9155667.00
7300000.00
8448541.00
9935584.00
7249166.00
6992167.00
5951792.00
7402375.00
10744750.00
7886500.00
10289292.00
8804792.00
6153709.00
9985542.00
7848750.00
9807083.00
5718000.00
8137750.00
7848292.00
8299042.00
8012708.00
10856833.00
7023541.00
9631542.00
6452083.00
7877666.00
7623500.00
12049834.00
9187625.00
6567625.00
8641417.00
10216709.00
7458417.00
9863458.00
9796334.00
9297750.00
9684709.00
10295417.00
8266959.00
9891792.00
9692500.00
7362042.00
9429375.00
9489000.00
7748209.00
13476792.00
10038625.00
6418625.00
9955000.00
9065875.00
8825667.00
10983459.00
6953417.00
8055792.00
7970125.00
10853250.00
7892541.00
6533417.00
9698083.00
9804375.00
8428458.00
10172292.00
8548417.00
7018125.00
8189292.00
8139167.00
10779917.00
9921959.00
9663666.00
9868916.00
6777833.00
8625833.00
10186541.00
6394625.00
7535583.00
9623292.00
9533000.00
7108541.00
7859792.00
8933958.00
10460500.00
10573875.00
8611459.00
9570209.00
7578542.00
7861916.00
8520625.00
6029958.00
7701083.00
10308875.00
9965792.00
8874750.00
8389583.00
10043417.00
7493750.00
10121333.00
12744583.00
8182917.00
8866791.00
7387666.00
9567167.00
8071500.00
6931792.00
10927459.00
6666459.00
7024834.00
7072209.00
67178000.00
9739083.00
8930625.00
8057791.00
8357792.00
12844000.00
12377042.00
8346000.00
8409708.00
8348959.00
9546083.00
6683167.00
6814833.00
7754208.00
7558541.00
6982125.00
8800417.00
7904083.00
7233084.00
9274250.00
7496750.00
10085958.00
8990833.00
8659708.00
11436291.00
8484375.00
8967541.00
9912708.00
11495000.00
7019917.00
11005250.00
7141208.00
6944292.00
7955125.00
8285125.00
7715792.00
8400875.00
14306750.00
7366917.00
10136291.00
8476667.00
9082416.00
11033834.00
8068500.00
7370125.00
8893625.00
8002667.00
8371041.00
10158500.00
6966208.00
9179750.00
10686667.00
9866583.00
8191041.00
9214292.00
9143292.00
9608167.00
10608958.00
13449250.00
9736667.00
8007750.00
10287834.00
9941750.00
9239708.00
11837208.00
11191083.00
10797583.00
10058708.00
7750583.00
11471375.00
10893875.00
10617084.00
14541834.00
8541708.00
8990417.00
10950083.00
12118250.00
11910458.00
14031750.00
10086459.00
9890333.00
10111416.00
7404875.00
12627667.00
12401209.00
7647500.00
10112917.00
6584708.00
10780250.00
7204208.00
12970333.00
7869375.00
9008458.00
11578000.00
8987458.00
8501250.00
8864042.00
7317625.00
8371917.00
9313458.00
8840666.00
12527250.00
8510083.00
17095959.00
32048583.00
18904083.00
9753583.00
9698208.00
8028167.00
12049083.00
16318791.00
9253959.00
11208667.00
10902208.00
10496500.00
7950791.00
8703917.00
13102334.00
6863416.00
8739584.00
12730167.00
7615917.00
12592125.00
8624458.00
Throughput: 0.00 ops/sec
Latency Measurements (ns):
Throughput: 0.00 ops/sec
Latency Measurements (ns):
Throughput: 46.98 ops/sec
Latency Measurements (ns):
7409666.00
7856875.00
6825625.00
8527125.00
7743959.00
7225500.00
6669167.00
9720417.00
5973333.00
8766875.00
6079334.00
10691209.00
7592042.00
6313959.00
9797542.00
7396167.00
10102542.00
5719041.00
9215083.00
8096750.00
6270000.00
7721833.00
8103375.00
6996833.00
8290958.00
9091167.00
8445041.00
11297583.00
8850250.00
8204708.00
9930458.00
9539042.00
7255167.00
8991375.00
8511875.00
8830250.00
7766125.00
7175625.00
11440000.00
9297959.00
7712459.00
6660125.00
6393083.00
9111041.00
9015709.00
8705083.00
9184917.00
11828417.00
6491750.00
10114250.00
8244375.00
10348042.00
9300042.00
6317959.00
9257667.00
7156834.00
8272916.00
9409708.00
8463000.00
9671875.00
6990666.00
10561250.00
8613125.00
10583250.00
9587291.00
5849166.00
9242584.00
10003333.00
6964584.00
6176792.00
7954542.00
7781667.00
11017500.00
9717500.00
7230625.00
10656541.00
10334209.00
8517208.00
6584917.00
10193833.00
7098208.00
5880250.00
9149292.00
7658209.00
7836750.00
7042500.00
8820542.00
9998959.00
7366459.00
10151250.00
10258292.00
36162125.00
10043750.00
8748541.00
7756459.00
7298083.00
7106042.00
6528083.00
7836541.00
10423125.00
7733542.00
9242292.00
8802333.00
8446333.00
10633917.00
9301792.00
6808625.00
9328125.00
10384750.00
7955375.00
8725083.00
10996959.00
6223083.00
7918834.00
8359500.00
6373708.00
9763375.00
108179542.00
8398291.00
10946167.00
8242709.00
8748625.00
7174959.00
7289083.00
8032917.00
6621416.00
8771167.00
6550542.00
9175792.00
10555250.00
12135041.00
8950541.00
11350833.00
8593333.00
7777708.00
8595333.00
7395667.00
6433375.00
9735042.00
6575625.00
8894542.00
10187834.00
7654250.00
6820958.00
8873291.00
9449708.00
12920209.00
9490875.00
6603334.00
10671083.00
10557042.00
11142708.00
8460542.00
8879042.00
7216750.00
9789833.00
9598208.00
8220959.00
8680667.00
9070958.00
5812291.00
9253375.00
6820584.00
12142666.00
7782166.00
8222416.00
6516375.00
10727083.00
7379708.00
9533125.00
10894792.00
6893584.00
7645417.00
7795375.00
10374208.00
10329625.00
9905833.00
10744542.00
7204542.00
8780375.00
10336583.00
9552167.00
9184542.00
8134375.00
6511000.00
7773292.00
6968375.00
11571209.00
7004042.00
10363542.00
9553250.00
7212709.00
11338042.00
7053750.00
12480750.00
7976667.00
10918166.00
7545333.00
7261083.00
7481666.00
12556750.00
10106250.00
11995458.00
11238667.00
10274042.00
8151458.00
10480291.00
11468042.00
12374417.00
8318333.00
7280750.00
10662667.00
11362208.00
8997000.00
9656917.00
11699625.00
9807875.00
10352416.00
11032250.00
99152667.00
9587375.00
11119042.00
10223250.00
11100000.00
9105042.00
8249542.00
9047417.00
8407125.00
7517250.00
11651042.00
10011167.00
6439375.00
10299958.00
9236000.00
7921792.00
8402417.00
11350917.00
7970584.00
7868750.00
8227708.00
9172042.00
9251791.00
12742584.00
7403125.00
9183542.00
7870458.00
8153500.00
10732500.00
8711541.00
7163125.00
8515417.00
7880666.00
7806584.00
8644833.00
8107833.00
8127542.00
10154708.00
9102750.00
7933083.00
9276333.00
7560708.00
7657042.00
8245208.00
11087500.00
8489542.00
8557708.00
6705500.00
12797959.00
7506667.00
7653958.00
8705333.00
12814041.00
8316750.00
11614459.00
11823292.00
9762375.00
10611834.00
10674958.00
9455125.00
9271458.00
10171125.00
9235375.00
9769708.00
11316042.00
8750292.00
8433250.00
8883041.00
7992417.00
10727250.00
8041709.00
8943458.00
9917792.00
9252375.00
13668333.00
10078958.00
9736084.00
12273084.00
7587750.00
9719958.00
7606375.00
11696125.00
9777584.00
10261833.00
9576375.00
9774625.00
8029542.00
7274417.00
10811292.00
9091208.00
10452042.00
9647417.00
9730209.00
16770333.00
12950959.00
9815500.00
10788958.00
9965083.00
9420791.00
10128666.00
7577083.00
9660083.00
7465750.00
8017125.00
13755500.00
8444250.00
12847958.00
8737500.00
7802834.00
