Throughput: 127.30 ops/sec
Latency Measurements (ns):
584.00
542.00
459.00
49375.00
291.00
2583.00
666.00
750.00
1166.00
709.00
750.00
666.00
375.00
375.00
458.00
584.00
375.00
459.00
375.00
250.00
208.00
333.00
209.00
291.00
417.00
375.00
291.00
125.00
333.00
334.00
208.00
250.00
208.00
167.00
167.00
167.00
208.00
167.00
125.00
292.00
166.00
250.00
167.00
333.00
167.00
125.00
250.00
375.00
208.00
125.00
250.00
208.00
166.00
1416.00
1791.00
250.00
167.00
375.00
209.00
125.00
209.00
250.00
167.00
125.00
166.00
208.00
125.00
167.00
167.00
125.00
208.00
125.00
208.00
209.00
250.00
125.00
208.00
209.00
209.00
1667.00
209.00
250.00
208.00
250.00
250.00
167.00
167.00
166.00
167.00
125.00
125.00
125.00
167.00
208.00
292.00
125.00
125.00
208.00
125.00
209.00
166.00
125.00
167.00
208.00
167.00
166.00
166.00
250.00
209.00
333.00
250.00
167.00
167.00
83.00
208.00
375.00
292.00
250.00
250.00
125.00
208.00
166.00
125.00
9542.00
39333.00
208.00
208.00
125.00
125.00
167.00
167.00
125.00
125.00
83.00
291.00
292.00
208.00
250.00
208.00
292.00
292.00
208.00
375.00
1375.00
750.00
208.00
292.00
208.00
250.00
209.00
167.00
209.00
250.00
1500.00
459.00
208.00
333.00
166.00
167.00
167.00
167.00
125.00
167.00
1291.00
209.00
166.00
292.00
208.00
250.00
208.00
250.00
250.00
250.00
292.00
250.00
208.00
209.00
209.00
208.00
250.00
166.00
167.00
250.00
84.00
250.00
292.00
167.00
166.00
291.00
167.00
292.00
167.00
125.00
208.00
291.00
208.00
291.00
250.00
208.00
250.00
500.00
208.00
292.00
292.00
208.00
166.00
208.00
250.00
208.00
209.00
250.00
208.00
167.00
125.00
209.00
250.00
167.00
167.00
250.00
291.00
209.00
250.00
208.00
209.00
1167.00
250.00
292.00
292.00
292.00
250.00
166.00
250.00
250.00
250.00
166.00
209.00
166.00
166.00
167.00
250.00
333.00
125.00
250.00
250.00
Throughput: 0.00 ops/sec
167.00
Latency Measurements (ns):
125.00
250.00
292.00
250.00
208.00
Throughput: 0.00 ops/sec
208.00
Latency Measurements (ns):
208.00
125.00
250.00
166.00
250.00
417.00
208.00
166.00
125.00
125.00
250.00
166.00
209.00
334.00
167.00
83.00
250.00
167.00
250.00
292.00
208.00
416.00
334.00
292.00
208.00
125.00
250.00
125.00
Throughput: 25.47 ops/sec
167.00
Latency Measurements (ns):
292.00
1302958.00
250.00
209.00
396541.00
166.00
1125.00
504000.00
250.00
315875.00
167.00
148375.00
42958.00
499750.00
166.00
461250.00
167.00
363250.00
333.00
530209.00
250.00
401291.00
250.00
287542.00
167.00
390084.00
250.00
373125.00
125.00
340250.00
250.00
304208.00
125.00
436250.00
125.00
427166.00
250.00
382708.00
167.00
478000.00
166.00
584708.00
166.00
457833.00
250.00
367708.00
166.00
495708.00
166.00
178417.00
125.00
279000.00
209.00
485958.00
125.00
530166.00
125.00
882166.00
250.00
348500.00
208.00
461666.00
208.00
412709.00
250.00
445625.00
250.00
662250.00
167.00
515375.00
167.00
452375.00
208.00
322750.00
250.00
446333.00
125.00
268750.00
125.00
541709.00
250.00
419666.00
83.00
474542.00
463208.00
491666.00
209.00
253292.00
208.00
545292.00
292.00
737209.00
166.00
739583.00
250.00
494250.00
167.00
454875.00
125.00
528666.00
125.00
422584.00
209.00
390750.00
125.00
706458.00
375.00
644208.00
125.00
580500.00
291.00
516708.00
166.00
588792.00
292.00
567541.00
250.00
631542.00
250.00
854167.00
209.00
478000.00
250.00
731333.00
334.00
738709.00
250.00
655667.00
167.00
556375.00
334.00
558625.00
125.00
700083.00
250.00
653125.00
250.00
585791.00
292.00
490959.00
291.00
723542.00
209.00
583459.00
292.00
Throughput: 0.00 ops/sec
125.00
Latency Measurements (ns):
250.00
587417.00
710334.00
805000.00
883542.00
167.00
607042.00
Throughput: 127.30 ops/sec
209.00
Latency Measurements (ns):
791584.00
125.00
640417.00
781041.00
659125.00
1928459.00
782875.00
2265709.00
595125.00
250.00
2667291.00
698083.00
4268708.00
742750.00
1530417.00
627709.00
209.00
932375.00
209.00
348083.00
347125.00
1155958.00
489541.00
586167.00
885500.00
125.00
871041.00
650417.00
343500.00
697084.00
704750.00
773667.00
671833.00
620709.00
602250.00
704500.00
442875.00
840291.00
797750.00
582625.00
594000.00
889042.00
733458.00
754958.00
674250.00
935750.00
426459.00
623083.00
578833.00
525333.00
536542.00
451250.00
467959.00
497125.00
208.00
539917.00
647166.00
292.00
582083.00
125.00
690459.00
209.00
506166.00
250.00
649417.00
578375.00
698167.00
566500.00
732375.00
582250.00
699292.00
365625.00
692792.00
583583.00
203750.00
622625.00
586625.00
195292.00
631000.00
208.00
689250.00
166.00
537000.00
208.00
725667.00
291.00
250.00
338917.00
166.00
305916.00
167.00
472458.00
125.00
559166.00
556958.00
736291.00
553500.00
208.00
485250.00
208.00
444875.00
590250.00
22250.00
420042.00
589291.00
250.00
838334.00
372542.00
292.00
482042.00
375.00
1379541.00
533000.00
250.00
652833.00
208.00
856000.00
208.00
501709.00
208.00
536416.00
209.00
635000.00
375.00
524041.00
1417.00
1063541.00
701250.00
50584.00
456292.00
292.00
617542.00
292.00
420125.00
208.00
552917.00
167.00
448000.00
753125.00
208.00
528958.00
250.00
541625.00
208.00
460708.00
209.00
637542.00
167.00
505333.00
250.00
582084.00
1014542.00
84.00
575625.00
167.00
564416.00
250.00
560375.00
250.00
531083.00
208.00
620042.00
167.00
597042.00
209.00
420333.00
208.00
547000.00
839000.00
686417.00
125.00
661417.00
966458.00
523708.00
125.00
1136541.00
167.00
537875.00
166.00
774417.00
458792.00
945000.00
575583.00
880750.00
125.00
631333.00
250.00
652625.00
292.00
635250.00
208.00
506667.00
655000.00
250.00
560000.00
125.00
709250.00
334.00
624250.00
166.00
613417.00
739500.00
208.00
600709.00
416.00
874708.00
990458.00
167.00
617541.00
333.00
422417.00
571208.00
250.00
641792.00
250.00
476833.00
166.00
367542.00
250.00
597167.00
208.00
549875.00
931500.00
250.00
943792.00
763292.00
166.00
635583.00
208.00
672166.00
125.00
757250.00
166.00
577500.00
794459.00
97041.00
715750.00
250.00
833291.00
459.00
641000.00
208.00
664542.00
208.00
551167.00
125.00
780916.00
686791.00
1286375.00
167.00
653250.00
950084.00
166.00
665375.00
1373042.00
167.00
696916.00
166.00
781292.00
642542.00
167.00
1012542.00
695542.00
125.00
827500.00
208.00
802333.00
644167.00
167.00
627750.00
250.00
752458.00
250.00
515917.00
208.00
167.00
209.00
828459.00
250.00
1323750.00
167.00
733416.00
167.00
476917.00
209.00
786625.00
208.00
826459.00
208.00
712958.00
825750.00
615875.00
728250.00
680417.00
1137959.00
697458.00
1335333.00
702458.00
1061084.00
676916.00
916834.00
700625.00
209.00
928750.00
125.00
685125.00
836833.00
166.00
1162833.00
333.00
846333.00
166.00
779791.00
209.00
469959.00
250.00
814750.00
167.00
1084709.00
291.00
250.00
208.00
1130458.00
208.00
1124833.00
134291.00
833750.00
1375.00
880000.00
279125.00
404875.00
125.00
967125.00
208.00
650250.00
208.00
2535250.00
1083.00
1006042.00
1250.00
921000.00
667.00
1132666.00
416.00
950042.00
250.00
902583.00
167.00
925042.00
657166.00
717667.00
909958.00
1003500.00
921250.00
209.00
1144750.00
6433500.00
1770666.00
1411417.00
999542.00
864958.00
999375.00
944000.00
1082625.00
250.00
587000.00
741334.00
250.00
1131125.00
167.00
549708.00
333.00
768333.00
1377750.00
167.00
1562708.00
292.00
1474833.00
167.00
1346917.00
1067958.00
125.00
1209708.00
692542.00
914833.00
915125.00
1012792.00
735458.00
1021667.00
558583.00
985375.00
1002708.00
979666.00
166.00
955334.00
1123250.00
250.00
766958.00
1467916.00
851917.00
162084.00
666459.00
656417.00
166.00
1533625.00
615208.00
1139208.00
730375.00
1051333.00
749917.00
1186833.00
1535958.00
208.00
1665583.00
921125.00
1000000.00
208.00
593167.00
209.00
1421500.00
209.00
674292.00
208.00
1241666.00
167.00
1572791.00
125.00
1068666.00
291.00
1175000.00
291.00
1066750.00
208.00
1753375.00
166.00
1444542.00
292.00
1685125.00
125.00
1134583.00
26292.00
1094833.00
38042.00
1237500.00
292.00
1365167.00
167.00
1549917.00
250.00
1288625.00
208.00
1580750.00
125.00
1101583.00
250.00
1528375.00
167.00
125.00
931625.00
167.00
699166.00
209.00
794250.00
167.00
959334.00
375.00
872333.00
19000.00
693166.00
209.00
1079541.00
984458.00
1167167.00
819250.00
879125.00
1025459.00
554167.00
892542.00
1151459.00
208.00
957417.00
209.00
885959.00
167.00
1038625.00
167.00
1019750.00
250.00
970833.00
292.00
799875.00
208.00
939625.00
250.00
1113792.00
166.00
846167.00
291.00
1059166.00
167.00
726666.00
125.00
859042.00
209.00
1035917.00
125.00
841917.00
208.00
1010625.00
209.00
727000.00
166.00
981042.00
167.00
250.00
1201250.00
5291.00
1119458.00
125.00
1665375.00
167.00
1137459.00
125.00
1033417.00
208.00
1350791.00
1041750.00
785709.00
1516042.00
167.00
1106417.00
844625.00
1170958.00
837625.00
1476875.00
777459.00
1406667.00
749625.00
1216625.00
955333.00
1189083.00
996917.00
1779750.00
1031709.00
1541792.00
1034875.00
1392625.00
933458.00
1177000.00
792833.00
1584209.00
1005375.00
1359833.00
858833.00
1314458.00
836291.00
1599583.00
899000.00
1226542.00
821083.00
1652375.00
1047542.00
1111000.00
863083.00
864125.00
1196375.00
208.00
686625.00
292.00
1310250.00
209.00
913625.00
166.00
1127917.00
125.00
1333625.00
125.00
861833.00
1431708.00
250.00
1245959.00
375.00
1278625.00
166.00
1303583.00
771750.00
857292.00
926958.00
771042.00
250.00
1643666.00
1120750.00
167.00
1430375.00
922500.00
636375.00
788125.00
1789875.00
874417.00
1732708.00
1713000.00
459.00
971167.00
1375.00
1714250.00
247583.00
1308292.00
208.00
1605209.00
208.00
1427208.00
208.00
1834208.00
250.00
1031917.00
1456458.00
167.00
1372625.00
209.00
1879500.00
1417.00
1374958.00
1209875.00
968583.00
1327958.00
748041.00
1724083.00
652209.00
1784542.00
1081084.00
1601959.00
865041.00
1451750.00
625.00
1747583.00
1835917.00
291.00
928750.00
1285083.00
787167.00
334.00
1527875.00
1236209.00
1164833.00
1164875.00
1418459.00
1039666.00
1737417.00
1895958.00
250.00
1802083.00
2125.00
1282500.00
334.00
2128541.00
292.00
2592625.00
167.00
1512750.00
167.00
1551917.00
209.00
1479542.00
334.00
1363750.00
208.00
1486833.00
333.00
1434417.00
167.00
2407792.00
292.00
1806500.00
167.00
1527125.00
166.00
931458.00
208.00
4272542.00
1079125.00
1945375.00
208.00
1581584.00
208.00
1243792.00
156417.00
950625.00
130542.00
1150542.00
202875.00
1964125.00
167.00
1596166.00
1255708.00
1196833.00
125.00
1396375.00
125.00
3218750.00
1413333.00
125.00
1813041.00
291.00
1203791.00
1618584.00
167.00
959542.00
827625.00
209.00
859709.00
1098042.00
208.00
1920750.00
166.00
1438166.00
125.00
1549166.00
167.00
167.00
977416.00
333.00
1245542.00
250.00
1150542.00
1520375.00
1067750.00
167.00
1228709.00
291.00
1005041.00
1691667.00
209.00
1129500.00
333.00
1122042.00
167.00
972458.00
167.00
250.00
916375.00
125.00
965792.00
375.00
1703458.00
250.00
1349916.00
250.00
3378458.00
250.00
3092292.00
166.00
1717708.00
125.00
1690625.00
167.00
1504583.00
250.00
1206375.00
291.00
1955000.00
250.00
1372459.00
840625.00
1361125.00
208.00
1910500.00
334.00
1898584.00
292.00
2030458.00
292.00
1468875.00
250.00
962500.00
208.00
1852584.00
208.00
1149875.00
292.00
1402167.00
209.00
2419500.00
166.00
1875417.00
250.00
840708.00
375.00
2651125.00
208.00
1020417.00
208.00
1942417.00
334.00
1674500.00
250.00
2141125.00
1375.00
1343834.00
333.00
2633416.00
250.00
2453209.00
333.00
2201333.00
1762250.00
333.00
1864875.00
1083.00
1622542.00
167.00
2008833.00
250.00
292.00
832500.00
333.00
886875.00
375.00
1466208.00
417.00
250.00
1390917.00
250.00
1043000.00
292.00
1760959.00
829042.00
2199667.00
209.00
1205625.00
208.00
919042.00
167.00
2104625.00
292.00
1330833.00
208.00
1074500.00
2510958.00
292.00
1604167.00
208.00
1604750.00
292.00
2425375.00
292.00
1276417.00
375.00
2282958.00
333.00
1728583.00
125.00
1127750.00
250.00
1281541.00
209.00
1766458.00
125.00
879458.00
209.00
2249250.00
333.00
1871625.00
1232167.00
1881375.00
209.00
2286292.00
208.00
2310250.00
292.00
1978125.00
250.00
2150083.00
125.00
2581041.00
167.00
1670584.00
1377333.00
1629709.00
291.00
1721042.00
516542.00
1775750.00
291.00
2471042.00
375.00
2441834.00
167.00
1908375.00
250.00
2003875.00
208.00
1878291.00
250.00
2274208.00
208.00
2362667.00
333.00
989500.00
87666.00
1982000.00
417.00
2467084.00
291.00
1960667.00
333.00
250.00
1705958.00
1203250.00
375.00
879000.00
333.00
1092875.00
208.00
1316459.00
125.00
1013833.00
2262125.00
166.00
1372042.00
2286750.00
250.00
842416.00
250.00
1027583.00
250.00
1148833.00
209.00
292.00
2568542.00
292.00
2065042.00
250.00
1917000.00
930542.00
2266917.00
375.00
2344208.00
208.00
2260209.00
209.00
1981333.00
209.00
2040417.00
22708.00
1951667.00
167.00
291.00
1143750.00
416.00
250.00
1947291.00
1792.00
1262125.00
625.00
1121542.00
250.00
878375.00
292.00
1121750.00
1237208.00
2680667.00
1260042.00
250.00
1018041.00
977833.00
1198625.00
2002875.00
861792.00
167.00
2274959.00
988000.00
167.00
1614042.00
931459.00
458.00
1627375.00
834166.00
2399500.00
843125.00
2784708.00
860000.00
2120959.00
2689292.00
291.00
2212917.00
167.00
1049167.00
250.00
1857875.00
995167.00
209.00
2434166.00
125.00
2230333.00
43542.00
1709500.00
334.00
2293292.00
329917.00
2484208.00
292.00
1503416.00
208.00
854542.00
250.00
1172750.00
3027125.00
250.00
2166750.00
125.00
2641667.00
167.00
3271750.00
2365917.00
833292.00
2099958.00
1128750.00
2028375.00
1407541.00
166.00
2062209.00
1338541.00
250.00
1143334.00
1815625.00
1317000.00
2377917.00
1197792.00
1106125.00
1206667.00
1057166.00
166.00
1030000.00
1818083.00
1078292.00
250.00
978917.00
2528000.00
208.00
1265041.00
1333.00
2096084.00
1056750.00
2125.00
806459.00
1542.00
969500.00
2261792.00
174709.00
927666.00
3041.00
1045750.00
1084.00
2169167.00
906792.00
666.00
2000250.00
1492042.00
375.00
997042.00
4833.00
1082792.00
292.00
1358500.00
950917.00
1054084.00
584.00
1005584.00
459.00
1231917.00
2822500.00
375.00
1589250.00
333.00
981917.00
708.00
1248459.00
292.00
1314500.00
214750.00
1476375.00
208.00
1172750.00
292.00
1470041.00
333.00
1142000.00
209.00
1085708.00
250.00
2794916.00
167.00
1012541.00
250.00
1042084.00
208.00
1016667.00
35333.00
167.00
2046750.00
250.00
2360333.00
291.00
2258459.00
167.00
2722875.00
167.00
2492208.00
125.00
3261708.00
209.00
2759666.00
208.00
2527916.00
333.00
2053500.00
209.00
1252417.00
167.00
2615875.00
166.00
2133375.00
923917.00
2653125.00
250.00
2166125.00
461458.00
1503750.00
250.00
1979958.00
1291.00
1329042.00
375.00
2228209.00
292.00
3261625.00
875.00
1011917.00
292.00
1266875.00
1250.00
2322000.00
333.00
1948000.00
292.00
2387166.00
1384458.00
208.00
2382500.00
167.00
2052042.00
250.00
2562625.00
292.00
208.00
992041.00
250.00
945209.00
209.00
1094417.00
291.00
934000.00
208.00
1045167.00
1516250.00
1117250.00
1584.00
968750.00
375.00
1493000.00
875.00
1095791.00
1375.00
1361542.00
875.00
1146459.00
833.00
1136375.00
667.00
1366167.00
459.00
1323334.00
583.00
1369083.00
292.00
1333000.00
417.00
1268834.00
250.00
1410625.00
250.00
1354875.00
375.00
209.00
2014291.00
375.00
2258375.00
1064958.00
2583875.00
79792.00
3317375.00
250.00
2453500.00
333.00
1973000.00
334.00
2437584.00
1292.00
2489959.00
1014417.00
2989583.00
875.00
2468750.00
1458.00
1924250.00
1292.00
1183333.00
2071250.00
1603917.00
2197000.00
1071292.00
1119625.00
1300458.00
2141542.00
1215584.00
1415875.00
1209250.00
1469208.00
1057208.00
2997542.00
1145500.00
2512083.00
1048875.00
2960083.00
1042125.00
2128584.00
1264584.00
2686458.00
1055458.00
2059292.00
1472167.00
2486458.00
1442625.00
2821000.00
1418167.00
1447916.00
625.00
1348917.00
1458.00
1351000.00
556208.00
1468041.00
375.00
1293333.00
334.00
1395959.00
1459.00
1303083.00
459.00
1449000.00
3750.00
2572167.00
334.00
1585584.00
292.00
1193042.00
250.00
1585750.00
375.00
1343666.00
166.00
1126125.00
167.00
1109375.00
250.00
2549875.00
1252208.00
291.00
2118041.00
1338125.00
291.00
1549750.00
416.00
1537458.00
2725500.00
208.00
1317834.00
250.00
1593958.00
250.00
1527959.00
208.00
135333.00
1070125.00
125.00
2004667.00
166.00
2714042.00
209.00
2932792.00
1141708.00
3448959.00
167.00
2595750.00
291.00
2735708.00
250.00
2623125.00
167.00
2712791.00
166.00
1277083.00
1565791.00
250.00
2269208.00
167.00
2103584.00
209.00
3118000.00
333.00
125.00
1692667.00
167.00
1687416.00
250.00
1571875.00
167.00
1107625.00
2728125.00
125.00
1168958.00
375.00
1628708.00
292.00
1038916.00
167.00
1507584.00
291.00
1291208.00
333.00
1315917.00
1750.00
2629708.00
375.00
2194083.00
166.00
1997042.00
1549625.00
167.00
2111708.00
125.00
1489000.00
166.00
1490917.00
1564708.00
2908541.00
1148792.00
2413500.00
1540000.00
1820625.00
1565083.00
3427875.00
1109125.00
2902292.00
1094000.00
2741083.00
1152792.00
1811250.00
1479750.00
2513750.00
1253667.00
1219875.00
1505417.00
2068833.00
1624875.00
2861625.00
1655750.00
2597125.00
1163959.00
2788167.00
1132042.00
2413208.00
1819500.00
2490542.00
1321708.00
1526333.00
1337334.00
2777625.00
1110083.00
4109083.00
1170125.00
2774417.00
1246250.00
2282041.00
1129958.00
2864042.00
2011417.00
2524500.00
1429417.00
1925167.00
2310375.00
2699917.00
1736958.00
2615750.00
1420792.00
3323458.00
1713208.00
167.00
1249041.00
2102667.00
1479083.00
2577500.00
166.00
3431916.00
1155500.00
2678375.00
1259959.00
2630917.00
166.00
1396000.00
3029292.00
291.00
2660875.00
1376375.00
1824958.00
1223542.00
2684209.00
209.00
1710208.00
3580375.00
1477292.00
2128208.00
1648917.00
333.00
3607167.00
1147958.00
2747917.00
1612292.00
3177291.00
1384541.00
4568125.00
1874500.00
1157375.00
1871959.00
208.00
3424542.00
1523625.00
3198500.00
417.00
2465709.00
167.00
3782500.00
292.00
2706584.00
2337875.00
1772083.00
209.00
3479833.00
1721166.00
250.00
2809834.00
125.00
3196750.00
208.00
2312458.00
166.00
2712333.00
2387292.00
3086250.00
334.00
3365375.00
209.00
1116542.00
2702125.00
166.00
3057125.00
166.00
3968833.00
2111625.00
4002209.00
167.00
3059292.00
125.00
3176958.00
1291.00
2444458.00
3491541.00
2562833.00
2053625.00
1640417.00
3198083.00
1115666.00
334.00
2775334.00
1527000.00
250.00
2922750.00
500.00
1527334.00
3192750.00
1564792.00
1622708.00
1553583.00
3920959.00
1626875.00
1583709.00
375.00
1312125.00
209.00
1789083.00
416.00
1286292.00
250.00
1125.00
2258500.00
333.00
1230542.00
3532250.00
333.00
2871375.00
1000.00
3188417.00
417.00
3170666.00
1254750.00
1584.00
3426208.00
417.00
3165917.00
208.00
1359250.00
1529625.00
292.00
1606083.00
2387125.00
250.00
3612625.00
250.00
3031958.00
333.00
1645084.00
542.00
4236166.00
292.00
2715333.00
375.00
3732792.00
292.00
458.00
3202042.00
375.00
1593416.00
291.00
1670375.00
1958.00
2648250.00
500.00
1538167.00
417.00
1706291.00
416.00
1767250.00
375.00
500.00
3746708.00
219167.00
3677042.00
458.00
2879042.00
291.00
3321583.00
250.00
3042833.00
1020833.00
1516667.00
208.00
1938667.00
292.00
1379500.00
250.00
1760541.00
209.00
3021125.00
291.00
3113125.00
292.00
3155833.00
333.00
494208.00
1733584.00
125.00
1527584.00
1125.00
1522500.00
208.00
1764583.00
291.00
1575041.00
250.00
1763000.00
166.00
1731708.00
208.00
1623625.00
209.00
1844917.00
92458.00
1737958.00
208.00
1951291.00
250.00
1570542.00
334.00
1941250.00
292.00
1434958.00
375.00
1288875.00
208.00
1842084.00
208.00
1615084.00
208.00
167.00
3494417.00
208.00
3209541.00
125.00
3615417.00
166.00
2942458.00
2926708.00
1333.00
3683333.00
334.00
3859583.00
333.00
2419500.00
1555000.00
250.00
1689167.00
250.00
3051041.00
250.00
2644167.00
3100625.00
1619166.00
3843417.00
1645166.00
3032542.00
1391417.00
2776042.00
1746833.00
3074916.00
1789792.00
417.00
5019583.00
1912917.00
250.00
1609834.00
1647459.00
1690416.00
2688417.00
1882375.00
2946542.00
1813625.00
1693125.00
250.00
1959292.00
3281459.00
208.00
1820417.00
125.00
1606833.00
208.00
1988792.00
265167.00
1673792.00
208.00
4356250.00
1748167.00
333.00
1925083.00
125.00
1547167.00
250.00
1849541.00
3960416.00
1298375.00
167.00
1651917.00
208.00
1741917.00
334.00
1869709.00
208.00
1698625.00
1223292.00
3197375.00
1825042.00
3882250.00
1655667.00
4573834.00
1951500.00
3327375.00
2511375.00
111291.00
3173583.00
1862541.00
292.00
3995708.00
166.00
1462875.00
3925667.00
416.00
3386708.00
2082666.00
3307042.00
208.00
2681000.00
166.00
2749292.00
291.00
1534833.00
292.00
2791084.00
208.00
4205417.00
250.00
1952000.00
167.00
3215792.00
208.00
2445792.00
209.00
3961084.00
125.00
333.00
1725500.00
166.00
2010583.00
125.00
1897542.00
4013000.00
291.00
1497917.00
292.00
1722083.00
291.00
1767833.00
3484625.00
1943042.00
3562000.00
209.00
1558250.00
333.00
1304333.00
250.00
1432000.00
1780834.00
1500.00
1419375.00
353959.00
2162208.00
1976250.00
1167.00
1671416.00
250.00
1685708.00
4133166.00
167.00
1951333.00
250.00
2065125.00
208.00
1667709.00
2391750.00
250.00
1619500.00
208.00
1283083.00
333.00
1611625.00
292.00
291.00
3222792.00
167.00
11096000.00
250.00
6697000.00
333.00
4967750.00
292.00
5711916.00
167.00
2501833.00
167.00
4304542.00
166.00
3453000.00
125.00
1825583.00
4020750.00
1208.00
3337375.00
333.00
1267292.00
2208500.00
334.00
2882291.00
167.00
3282416.00
292.00
4427958.00
3894292.00
1581833.00
3525458.00
291.00
2244209.00
125.00
2104667.00
2794667.00
1707458.00
2379334.00
1802959.00
2329500.00
1424917.00
1813000.00
250.00
1814041.00
375.00
1939125.00
250.00
1961250.00
209.00
1838041.00
208.00
2216000.00
166.00
1976291.00
4762167.00
1645500.00
167.00
1619167.00
48833.00
1761708.00
166.00
1807000.00
125.00
2037083.00
291.00
1624208.00
209.00
1882292.00
292.00
1499166.00
375.00
1841292.00
250.00
1778250.00
250.00
1766209.00
167.00
1422250.00
1176834.00
1831833.00
1332417.00
708.00
2264667.00
500.00
2410458.00
2834708.00
2121875.00
167.00
2021625.00
208.00
1866625.00
333.00
2085125.00
2126417.00
3115416.00
1892292.00
167.00
2115083.00
1950709.00
2341791.00
2824375.00
2448416.00
3645500.00
1794666.00
3782000.00
1925917.00
208.00
1721958.00
4536917.00
2171292.00
1942334.00
2030084.00
3684542.00
2078583.00
1714834.00
125.00
1764250.00
125.00
1757041.00
125.00
1967959.00
167.00
2797875.00
416.00
1813459.00
208.00
1963667.00
208.00
1833833.00
250.00
2051667.00
125.00
2259541.00
55875.00
1370166.00
250.00
1875292.00
167.00
1484792.00
166.00
1756000.00
2563459.00
417.00
2014625.00
83.00
3060167.00
583.00
2442125.00
1083.00
1217458.00
4448541.00
208.00
2684083.00
2224042.00
1947708.00
292.00
5041791.00
208.00
3645792.00
1940834.00
3474667.00
250.00
3481417.00
250.00
4386458.00
500.00
3484625.00
2132459.00
2087709.00
2211416.00
2014125.00
4736042.00
2265166.00
5833375.00
1799916.00
4685250.00
2215958.00
4184667.00
1559792.00
2988125.00
1876750.00
4247792.00
1863500.00
5956834.00
2228000.00
166.00
1902334.00
4299833.00
2294167.00
3524458.00
1768709.00
4280667.00
1788500.00
3855875.00
1989500.00
417.00
3640167.00
1854584.00
3557000.00
2464334.00
2669875.00
1755709.00
5279042.00
3533041.00
250.00
3224834.00
208.00
2094375.00
3140208.00
1209.00
4585500.00
291.00
3796875.00
291.00
5222500.00
166.00
3194334.00
84.00
3120625.00
125.00
3194667.00
125.00
375.00
2046625.00
375.00
1893875.00
583.00
2184833.00
333.00
2082208.00
292.00
2098708.00
292.00
1808000.00
458.00
1911125.00
1633959.00
3532500.00
1907125.00
3539792.00
1460542.00
3129250.00
2430375.00
4513834.00
215250.00
2676625.00
4305958.00
1856000.00
4556708.00
1769625.00
4745125.00
2571500.00
4400042.00
1911291.00
1923250.00
2014458.00
3926291.00
1687500.00
3480250.00
2043291.00
5647416.00
2308708.00
2528000.00
2228125.00
3502125.00
2611417.00
1754583.00
250.00
2266166.00
166.00
1901667.00
417.00
1712000.00
208.00
2707125.00
250.00
2547208.00
209.00
1656500.00
250.00
167.00
4634416.00
125.00
3038417.00
625.00
2911875.00
334.00
167.00
2237459.00
209.00
2512333.00
334.00
2253459.00
167.00
2269500.00
2223708.00
3638291.00
2441333.00
3645459.00
2144041.00
4634958.00
2499709.00
208.00
5445833.00
1997292.00
3299333.00
2082917.00
6027833.00
2060167.00
5456250.00
2501708.00
2610084.00
250.00
2064500.00
25917.00
2007416.00
125.00
2244792.00
375.00
209.00
4792833.00
125.00
2340083.00
1798208.00
167.00
5071959.00
333.00
2064042.00
4832250.00
102042.00
2265625.00
125.00
1984000.00
5743917.00
458.00
4488125.00
125.00
2886167.00
125.00
1901042.00
4732750.00
2181583.00
5406666.00
2287625.00
4054500.00
2266083.00
5047583.00
1933459.00
1626250.00
167.00
1997458.00
4063875.00
417.00
2388750.00
334.00
2932166.00
209.00
2140667.00
250.00
1992500.00
208.00
2123791.00
166.00
2137125.00
125.00
2074417.00
83.00
2030083.00
250.00
2088208.00
250.00
1942125.00
209.00
2686208.00
2374333.00
2212041.00
2800041.00
1841166.00
2978625.00
2291958.00
2457791.00
2236375.00
2435625.00
2295500.00
1804208.00
Throughput: 25.46 ops/sec
2281750.00
Latency Measurements (ns):
2428292.00
3417.00
2386417.00
334.00
1926334.00
542.00
2545333.00
209.00
542.00
125.00
167.00
250.00
84.00
125.00
2171334.00
208.00
2077291.00
167.00
1725750.00
208.00
2213459.00
125.00
2147375.00
250.00
2253625.00
125.00
2013166.00
84.00
2165292.00
209.00
2647416.00
125.00
2291583.00
84.00
2245666.00
84.00
2051792.00
125.00
2261625.00
125.00
1819667.00
291.00
125.00
125.00
167.00
250.00
167.00
208.00
167.00
125.00
125.00
83.00
125.00
83.00
84.00
2127417.00
125.00
1977875.00
125.00
2015250.00
208.00
125.00
83.00
1693875.00
167.00
2433209.00
125.00
2468584.00
125.00
3106791.00
208.00
3155459.00
167.00
2583042.00
166.00
4387667.00
125.00
2433250.00
292.00
2208250.00
83.00
2160750.00
83.00
125.00
2361666.00
125.00
125.00
2303958.00
125.00
1943959.00
166.00
2017375.00
47250.00
2283916.00
83.00
2269542.00
375.00
2358458.00
125.00
2462000.00
83.00
1590250.00
125.00
2489875.00
84.00
1900375.00
84.00
2293917.00
125.00
2403542.00
125.00
2323333.00
125.00
2093750.00
1208.00
2433584.00
83.00
2217583.00
125.00
2288708.00
250.00
2534708.00
125.00
2272875.00
83.00
2197458.00
125.00
2812708.00
125.00
4442709.00
125.00
3636042.00
125.00
20866916.00
125.00
5685000.00
167.00
11381875.00
166.00
3522500.00
125.00
2137625.00
83.00
2428916.00
625.00
2235583.00
125.00
2375709.00
125.00
3314625.00
167.00
2365375.00
83.00
2049125.00
125.00
2503167.00
84.00
2300167.00
125.00
2408208.00
208.00
2280458.00
125.00
2208917.00
83.00
2183750.00
167.00
1737916.00
125.00
2320167.00
166.00
1812541.00
166.00
1845333.00
83.00
2343125.00
125.00
2127000.00
167.00
2097167.00
83.00
2563334.00
167.00
1992208.00
125.00
2024209.00
125.00
2241500.00
84.00
2276292.00
125.00
2252792.00
125.00
2412292.00
125.00
3117625.00
125.00
2197625.00
208.00
2231250.00
83.00
2246167.00
83.00
2519583.00
166.00
2681666.00
541.00
1988791.00
209.00
2621875.00
333.00
2325625.00
292.00
1882458.00
83.00
1848708.00
167.00
2767167.00
83.00
2208125.00
166.00
3368375.00
333.00
2501000.00
125.00
2151667.00
84.00
2321708.00
167.00
2556458.00
125.00
2066917.00
167.00
2713459.00
166.00
2127875.00
292.00
2390875.00
250.00
2417208.00
1291.00
2080208.00
125.00
2898959.00
125.00
2609375.00
166.00
16039750.00
166.00
9905584.00
83.00
12779791.00
417.00
12937583.00
3500.00
2182959.00
125.00
2371917.00
125.00
2323584.00
125.00
2013459.00
83.00
2451000.00
167.00
2890375.00
167.00
2510583.00
84.00
2553625.00
125.00
2163042.00
250.00
2879958.00
167.00
1798708.00
166.00
2017250.00
500.00
2178875.00
167.00
2553459.00
167.00
3111625.00
125.00
3555459.00
125.00
2918708.00
83.00
3096708.00
84.00
3422583.00
83.00
2865833.00
708.00
4161833.00
125.00
2131958.00
125.00
2653209.00
333.00
1869584.00
125.00
2842750.00
167.00
2630625.00
125.00
2079250.00
417.00
2529042.00
167.00
1979208.00
125.00
2623000.00
125.00
2380583.00
167.00
2654292.00
166.00
2549250.00
125.00
2453167.00
125.00
2387667.00
83.00
2213083.00
167.00
2338167.00
166.00
3018083.00
333.00
2308334.00
83.00
3130459.00
83.00
2659916.00
166.00
2956125.00
125.00
2481333.00
250.00
2418041.00
208.00
2280375.00
167.00
2509166.00
125.00
2739750.00
167.00
2666208.00
125.00
2298750.00
125.00
2694792.00
166.00
2405334.00
167.00
2849292.00
53625.00
2709291.00
125.00
2835459.00
208.00
2861667.00
250.00
2753833.00
125.00
2572333.00
125.00
2612500.00
167.00
2358292.00
83.00
2484000.00
375.00
2552208.00
125.00
3202083.00
84.00
2986208.00
209.00
3395958.00
125.00
2779916.00
125.00
2340667.00
875.00
2567916.00
167.00
2460000.00
458.00
2325333.00
250.00
2452583.00
125.00
2440125.00
125.00
2825875.00
167.00
2708708.00
500.00
2926959.00
166.00
2202250.00
167.00
2368792.00
83.00
2352250.00
125.00
2715708.00
125.00
2600208.00
166.00
2500333.00
125.00
2130209.00
83.00
2730375.00
166.00
2452542.00
125.00
2209417.00
84.00
2687792.00
125.00
2483000.00
3375.00
2591042.00
291.00
2849791.00
84.00
2664542.00
83.00
1882292.00
166.00
2442541.00
84.00
3523875.00
84.00
2929042.00
375.00
2972834.00
125.00
2732959.00
83.00
2901042.00
1500.00
2092459.00
167.00
2535041.00
125.00
3326791.00
125.00
3569541.00
125.00
2739750.00
84.00
2665333.00
125.00
2738333.00
83.00
2987166.00
83.00
3962583.00
166.00
2749417.00
167.00
2579708.00
125.00
2864791.00
125.00
2361250.00
167.00
3382625.00
167.00
3719750.00
125.00
3557792.00
125.00
4179542.00
166.00
3224208.00
125.00
2815042.00
84.00
3693959.00
208.00
2797750.00
125.00
3092584.00
83.00
2980750.00
125.00
2873084.00
125.00
3589042.00
125.00
2468167.00
125.00
3138625.00
250.00
3263125.00
125.00
2408792.00
84.00
3023916.00
84.00
2597208.00
84.00
2762792.00
125.00
2003458.00
83.00
2676084.00
250.00
2421625.00
84.00
2454792.00
84.00
2807333.00
83.00
2571125.00
125.00
2359292.00
83.00
2580916.00
208.00
2012084.00
250.00
2642916.00
417.00
2826375.00
125.00
2057458.00
125.00
2772208.00
333.00
2184125.00
375.00
2703166.00
125.00
2816500.00
125.00
3076416.00
125.00
2316958.00
208.00
2505541.00
500.00
2876333.00
125.00
2648583.00
167.00
2833916.00
958.00
2007333.00
250.00
2663292.00
125.00
3064333.00
1125.00
2485583.00
209.00
2831959.00
250.00
2216084.00
334.00
2943833.00
125.00
3546750.00
167.00
5504833.00
125.00
2814500.00
125.00
2784833.00
83.00
3008000.00
125.00
2770166.00
250.00
2646166.00
125.00
2782416.00
125.00
2718500.00
83.00
2700083.00
125.00
2695041.00
167.00
2759042.00
125.00
3106667.00
125.00
2215458.00
125.00
3716959.00
84.00
2710750.00
84.00
2675625.00
167.00
2850834.00
125.00
2431208.00
84.00
3014708.00
250.00
2079750.00
291.00
2371916.00
125.00
2000917.00
125.00
2813458.00
125.00
2584500.00
417.00
2787959.00
125.00
3085500.00
250.00
2497625.00
125.00
2949417.00
84.00
250.00
209.00
166.00
84.00
125.00
83.00
125.00
83.00
125.00
83.00
125.00
125.00
167.00
84.00
83.00
167.00
709.00
2665292.00
375.00
2830041.00
125.00
2994917.00
3583.00
2071167.00
333.00
2671500.00
166.00
2586958.00
167.00
83.00
166.00
625.00
166.00
125.00
125.00
125.00
125.00
2814917.00
416.00
2701333.00
125.00
2604458.00
84.00
2740125.00
125.00
2749708.00
125.00
2554625.00
209.00
2065708.00
125.00
3000667.00
125.00
125.00
166.00
125.00
375.00
83.00
167.00
125.00
166.00
83.00
125.00
250.00
167.00
125.00
84.00
125.00
125.00
2652667.00
125.00
2670958.00
125.00
2691750.00
125.00
2462458.00
125.00
2765916.00
167.00
3323542.00
167.00
83.00
208.00
2581917.00
125.00
83.00
2716166.00
84.00
2547709.00
83.00
125.00
125.00
2596167.00
83.00
3259917.00
500.00
2590833.00
83.00
3082750.00
83.00
2721792.00
125.00
2683375.00
166.00
3596333.00
125.00
2640209.00
125.00
2944875.00
84.00
2797000.00
83.00
3131792.00
125.00
3294625.00
292.00
2778917.00
125.00
84.00
2959666.00
125.00
2794750.00
125.00
2738333.00
83.00
3162875.00
125.00
2532416.00
125.00
2877458.00
417.00
3115000.00
83.00
250.00
250.00
125.00
167.00
542.00
2941959.00
125.00
125.00
83.00
166.00
167.00
208.00
84.00
291.00
125.00
3139667.00
292.00
2828208.00
1292.00
2716000.00
1304917.00
3066500.00
292.00
2710584.00
417.00
3571208.00
208.00
2442833.00
3113875.00
2645458.00
125.00
167.00
83.00
208.00
208.00
167.00
209.00
208.00
166.00
250.00
125.00
125.00
83.00
3542.00
208.00
250.00
208.00
2949250.00
250.00
125.00
208.00
3180750.00
167.00
166.00
3099917.00
19750.00
125.00
208.00
3678583.00
167.00
416.00
83.00
1042.00
3133750.00
417.00
125.00
3500.00
166.00
375.00
166.00
333.00
125.00
250.00
125.00
2682666.00
166.00
125.00
4359375.00
250.00
125.00
2666708.00
166.00
83.00
250.00
84.00
209.00
125.00
3737625.00
291.00
83.00
3016000.00
167.00
166.00
166.00
2816666.00
208.00
292.00
125.00
3131291.00
82459.00
2894292.00
167.00
209.00
125.00
3206916.00
125.00
125.00
125.00
3027708.00
375.00
125.00
167.00
2930916.00
125.00
250.00
3173834.00
167.00
125.00
958.00
125.00
208.00
3083583.00
209.00
208.00
3085375.00
125.00
2887541.00
167.00
125.00
208.00
208.00
2459917.00
208.00
125.00
125.00
3320291.00
125.00
167.00
2130041.00
292.00
125.00
125.00
208.00
250.00
167.00
125.00
83.00
417.00
125.00
7792.00
3319166.00
417.00
291.00
78000.00
2252750.00
166.00
125.00
208.00
3118000.00
333.00
83.00
208.00
2867958.00
291.00
84.00
167.00
2996833.00
291.00
125.00
167.00
2953250.00
125.00
84.00
417.00
2828209.00
292.00
250.00
250.00
3409500.00
84.00
125.00
125.00
4092167.00
208.00
3505125.00
334.00
3167750.00
334.00
1750.00
1833.00
83.00
2933084.00
1257917.00
2899791.00
583.00
2942167.00
791.00
250.00
541.00
83.00
458.00
2875542.00
209.00
125.00
208.00
3147667.00
292.00
3055750.00
417.00
166.00
750.00
2559875.00
250.00
83.00
292.00
2705584.00
250.00
125.00
166.00
2936250.00
334.00
84.00
375.00
3536375.00
1042.00
83.00
625.00
125.00
209.00
3095083.00
250.00
3137541.00
250.00
2868625.00
292.00
3043000.00
166.00
3199667.00
125.00
2975708.00
291.00
4278667.00
167.00
3502750.00
125.00
84.00
166.00
3631125.00
209.00
125.00
250.00
3091250.00
333.00
3309791.00
83.00
1313459.00
3526750.00
166.00
3827667.00
291.00
2882917.00
167.00
3686584.00
292.00
3199166.00
292.00
125.00
209.00
2736584.00
1084.00
166.00
250.00
3218583.00
292.00
84.00
125.00
2608375.00
166.00
84.00
167.00
3363375.00
22125.00
125.00
459.00
3701959.00
403625.00
83.00
166.00
3111875.00
458.00
3451125.00
459.00
84.00
209.00
2586917.00
125.00
125.00
125.00
3054458.00
417.00
125.00
125.00
125.00
375.00
3074666.00
208.00
125.00
375.00
3825083.00
292.00
125.00
208.00
2881083.00
625.00
125.00
166.00
3158583.00
291.00
125.00
2958542.00
250.00
125.00
166.00
2727750.00
250.00
83.00
209.00
3075208.00
125.00
291.00
2936500.00
375.00
83.00
333.00
2935417.00
208.00
250.00
250.00
2892334.00
292.00
167.00
3445084.00
291.00
167.00
292.00
3261625.00
458.00
125.00
920709.00
3466791.00
291.00
166.00
333.00
125.00
375.00
2826042.00
416.00
125.00
334.00
3025833.00
333.00
125.00
208.00
3021166.00
334.00
2846917.00
1041.00
83.00
1208.00
166.00
542.00
3292541.00
542.00
125.00
329959.00
2829792.00
625.00
83.00
125.00
2708458.00
333.00
4180708.00
417.00
125.00
539459.00
83.00
2934625.00
375.00
2414583.00
209.00
208.00
3127958.00
416.00
125.00
292.00
167.00
541.00
3294334.00
333.00
125.00
166.00
3205334.00
125.00
125.00
333.00
2958375.00
167.00
125.00
166.00
84.00
167.00
3475959.00
125.00
3095583.00
292.00
167.00
250.00
3284167.00
167.00
167.00
166.00
3367500.00
417.00
83.00
125.00
3136042.00
250.00
167.00
208.00
125.00
1459.00
2515584.00
584.00
3188958.00
292.00
167.00
292.00
3253667.00
250.00
3007292.00
250.00
208.00
209.00
3184084.00
209.00
125.00
208.00
125.00
167.00
4589708.00
250.00
333.00
4491250.00
292.00
4068375.00
458.00
3470667.00
292.00
2815375.00
750.00
333.00
3308458.00
208.00
125.00
625.00
4268375.00
542.00
3577708.00
459.00
250.00
709.00
3435583.00
625.00
125.00
125.00
125.00
3161375.00
458.00
125.00
3383875.00
708.00
3597167.00
708.00
83.00
1125.00
2792958.00
500.00
125.00
541.00
2743208.00
542.00
166.00
459.00
3485250.00
333.00
375.00
542.00
3344542.00
584.00
3021791.00
666.00
250.00
203666.00
3131916.00
250.00
3458.00
83.00
3011208.00
292.00
84.00
250.00
3283291.00
125.00
125.00
500.00
2604625.00
500.00
125.00
3914792.00
541.00
125.00
3209.00
3304250.00
500.00
3189583.00
209.00
125.00
459.00
3100209.00
250.00
3305250.00
375.00
3116208.00
167.00
3038416.00
417.00
3302042.00
500.00
375.00
334.00
3185458.00
1500.00
125.00
1833.00
3229458.00
417.00
125.00
23541.00
3026417.00
4052167.00
1084.00
125.00
1583.00
167.00
542.00
250.00
1625.00
167.00
458.00
3037375.00
208.00
1334.00
125.00
750.00
3097584.00
125.00
3397584.00
792.00
3094458.00
167.00
3584.00
3314042.00
125.00
2911500.00
375.00
2922875.00
459.00
3267167.00
208.00
3238875.00
500.00
3433375.00
125.00
2961750.00
417.00
3224917.00
125.00
3261375.00
375.00
3124292.00
167.00
2444667.00
1833.00
3260417.00
875.00
3222041.00
167.00
3107375.00
2084.00
3275834.00
125.00
3201417.00
125.00
3378208.00
309458.00
3587291.00
125.00
3211958.00
1792.00
3165417.00
667.00
3126833.00
125.00
3194458.00
500.00
3364541.00
125.00
2712042.00
459.00
3772041.00
125.00
3423916.00
459.00
3033292.00
83.00
3476416.00
250.00
3216625.00
125.00
3789625.00
916.00
3640708.00
958.00
2888000.00
292.00
209.00
3124500.00
292.00
3311791.00
458.00
125.00
3343959.00
1583.00
3444250.00
250.00
1166.00
2491333.00
166.00
750.00
2980792.00
166.00
3162667.00
1083.00
4098375.00
125.00
4115958.00
584.00
2989625.00
1708.00
3396583.00
125.00
4078041.00
667.00
3421792.00
959.00
4600625.00
125.00
5506375.00
500.00
4134833.00
125.00
3644709.00
416.00
3609791.00
333.00
3496500.00
125.00
3122083.00
1541.00
3393208.00
83.00
3168583.00
125.00
3157916.00
625.00
2531334.00
125.00
3138875.00
500.00
2559083.00
417.00
2754792.00
209.00
3418750.00
375.00
3321083.00
125.00
4421250.00
750.00
3686625.00
416.00
2815875.00
667.00
209.00
3520375.00
1083.00
125.00
750.00
208.00
500.00
125.00
84.00
83.00
125.00
3413166.00
125.00
500.00
2696083.00
666.00
125.00
3647167.00
1000.00
3186333.00
125.00
625.00
3392291.00
1709.00
125.00
3278500.00
83.00
5250.00
125.00
1167.00
125.00
1167.00
125.00
542.00
42.00
416.00
125.00
375.00
84.00
417.00
83.00
250.00
83.00
292.00
84.00
250.00
83.00
375.00
792.00
750.00
125.00
458.00
83.00
375.00
125.00
500.00
83.00
500.00
167.00
458.00
83.00
125.00
125.00
375.00
83.00
416.00
125.00
416.00
166.00
334.00
167.00
500.00
125.00
309875.00
125.00
209.00
166.00
166.00
125.00
125.00
3371917.00
167.00
3909292.00
208.00
3439208.00
417.00
3370375.00
291.00
3523833.00
375.00
125.00
458.00
167.00
3946500.00
250.00
250.00
375.00
125.00
167.00
3042042.00
125.00
3445625.00
84.00
3559625.00
416.00
3436875.00
209.00
3695375.00
125.00
125.00
83.00
375.00
2668583.00
292.00
3362250.00
375.00
3477750.00
125.00
3487875.00
208.00
3519417.00
125.00
3365417.00
292.00
3276709.00
167.00
3904667.00
3452542.00
125.00
2587084.00
167.00
3291959.00
167.00
3704541.00
208.00
4335500.00
208.00
4022542.00
166.00
417.00
3816417.00
2840542.00
3517541.00
125.00
3362000.00
167.00
3550667.00
291.00
125.00
3503958.00
375.00
3635250.00
125.00
3450125.00
125.00
3575917.00
167.00
3476333.00
125.00
3623125.00
458.00
208.00
333.00
1125.00
708.00
250.00
584.00
125.00
625.00
375.00
375.00
3808792.00
625.00
3244542.00
542.00
167.00
250.00
125.00
208.00
125.00
208.00
125.00
250.00
3600125.00
125.00
291.00
334.00
416.00
125.00
1542.00
708.00
166.00
1458.00
166.00
3900084.00
541.00
166.00
4103042.00
3833.00
3956167.00
375.00
4038416.00
333.00
3863500.00
83.00
3933083.00
209.00
3411416.00
417.00
4089959.00
292.00
3251041.00
208.00
3724416.00
416.00
3216542.00
333.00
4465333.00
125.00
3117834.00
208.00
3775084.00
208.00
3536250.00
250.00
3737875.00
333.00
4102584.00
125.00
3542125.00
250.00
125.00
2979667.00
291.00
4092625.00
125.00
4287125.00
375.00
4768125.00
125.00
5102167.00
1541.00
3146625.00
1208.00
3504875.00
125.00
3178542.00
458.00
3345166.00
167.00
3654792.00
166.00
3596291.00
125.00
3879291.00
167.00
3848250.00
792.00
3520916.00
3583.00
3753875.00
125.00
3136750.00
458.00
3534000.00
208.00
3056292.00
167.00
3672959.00
250.00
3362584.00
125.00
3625958.00
250.00
3901333.00
83.00
3239333.00
334.00
3327958.00
125.00
3311042.00
583.00
3638500.00
292.00
3497750.00
209.00
3489834.00
125.00
3750292.00
167.00
3942459.00
167.00
3327041.00
167.00
4053042.00
209.00
209.00
3886459.00
125.00
3527584.00
84.00
4631542.00
250.00
3782250.00
208.00
3759042.00
416.00
3260625.00
291.00
3658208.00
125.00
3596042.00
333.00
3677500.00
125.00
3525875.00
83.00
3715834.00
1083.00
4132750.00
292.00
3719250.00
250.00
4459375.00
375.00
3705541.00
125.00
3731583.00
250.00
4049125.00
459.00
3179125.00
83.00
4298000.00
208.00
3565834.00
125.00
4291833.00
250.00
3849166.00
542.00
3422250.00
250.00
5180625.00
125.00
3995250.00
250.00
6282167.00
375.00
4845375.00
167.00
31190458.00
417.00
3661708.00
166.00
4472208.00
166.00
4199666.00
167.00
3271625.00
125.00
584.00
4248291.00
334.00
4111375.00
166.00
4027667.00
208.00
125.00
4432667.00
333.00
4813583.00
125.00
3596125.00
125.00
3970750.00
1542.00
5059625.00
83.00
4199334.00
542.00
3550250.00
458.00
3583792.00
583.00
4529084.00
334.00
3776917.00
209.00
4121083.00
125.00
3729625.00
125.00
3773625.00
208.00
5492334.00
166.00
4373542.00
166.00
3694167.00
375.00
3942750.00
167.00
5193208.00
125.00
4501959.00
209.00
4115042.00
334.00
4209625.00
125.00
5286875.00
292.00
3727959.00
84.00
4462375.00
417.00
8190625.00
208.00
5188500.00
209.00
4761958.00
1792.00
3692583.00
667.00
4370084.00
333.00
917.00
5106625.00
125.00
4309917.00
470000.00
4188333.00
125.00
3686333.00
875.00
3717833.00
125.00
4352500.00
1334.00
4900542.00
125.00
4312792.00
125.00
3612375.00
1459.00
29911750.00
125.00
6252792.00
584.00
10972417.00
125.00
11005500.00
417.00
8749417.00
83.00
5300584.00
500.00
4631042.00
459.00
3474875.00
3500.00
3672000.00
542.00
3847792.00
291.00
5001292.00
500.00
3962917.00
167.00
4811333.00
167.00
4149291.00
542.00
6271666.00
167.00
5766459.00
375.00
4157542.00
250.00
4861250.00
125.00
4260166.00
458.00
3645750.00
166.00
3863458.00
125.00
4057667.00
500.00
3917042.00
125.00
375.00
3480667.00
166.00
3902542.00
250.00
3905042.00
1708.00
3782208.00
1375.00
4884000.00
792.00
3921166.00
125.00
3918666.00
125.00
16276917.00
208.00
6904917.00
3458.00
3628750.00
333.00
3914167.00
125.00
3689667.00
125.00
3808500.00
375.00
4489875.00
125.00
3594125.00
208.00
4540250.00
542.00
3967166.00
84.00
3833584.00
208.00
6222250.00
291.00
4324208.00
250.00
2922083.00
333.00
4815833.00
542.00
4174458.00
250.00
3152458.00
666.00
4565375.00
1206708.00
2900917.00
583.00
3365458.00
500.00
5304583.00
292.00
3661125.00
Throughput: 25.46 ops/sec
3568791.00
458.00
3446334.00
458.00
4166167.00
Latency Measurements (ns):
3896333.00
375.00
4006000.00
584.00
4486458.00
333.00
3691708.00
166.00
4736542.00
209.00
3729917.00
3125.00
3945125.00
3630708.00
750.00
4096458.00
708.00
4900083.00
46792.00
458.00
3879750.00
334.00
3850041.00
291.00
4277625.00
333.00
4363417.00
458.00
334.00
417.00
333.00
417.00
209.00
291.00
3717750.00
250.00
4704375.00
125.00
4679125.00
334.00
4365875.00
4217208.00
292.00
3794042.00
3954042.00
375.00
3741416.00
209.00
4085625.00
250.00
4116459.00
2000.00
4159959.00
250.00
4994459.00
209.00
3633291.00
4604416.00
208.00
4046709.00
1209.00
3739667.00
542.00
4411750.00
167.00
4589417.00
292.00
1250.00
3483125.00
416.00
4164458.00
458.00
5810458.00
292.00
3942875.00
334.00
5036750.00
3920750.00
4096292.00
125.00
292.00
4458084.00
167.00
250.00
208.00
375.00
4307458.00
1448541.00
209.00
365708.00
3963625.00
375.00
4114625.00
375.00
209.00
292.00
3622042.00
250.00
250.00
208.00
250.00
500.00
4397209.00
250.00
208.00
4488666.00
208.00
334.00
311834.00
4548375.00
375.00
3982208.00
417.00
375.00
291.00
4011208.00
334.00
209.00
208.00
3932875.00
542.00
292.00
4148084.00
375.00
5206791.00
375.00
250.00
583.00
4235208.00
583.00
250.00
250.00
4385000.00
209.00
333.00
375.00
209.00
500.00
3655500.00
375.00
4017875.00
167.00
250.00
333.00
4450916.00
500.00
3870583.00
233417.00
208.00
291.00
4375958.00
417.00
209.00
292.00
4338625.00
708.00
3922417.00
417.00
250.00
333.00
4163125.00
333.00
125.00
292.00
208.00
334.00
5258167.00
292.00
209.00
459.00
4120167.00
208.00
291.00
125.00
583.00
4047250.00
583.00
167.00
292.00
4071208.00
417.00
125.00
4667.00
4087750.00
458.00
4032000.00
417.00
250.00
292.00
4006417.00
416.00
208.00
292.00
4019875.00
459.00
167.00
208.00
4100375.00
125.00
3991667.00
125.00
250.00
583.00
4163041.00
458.00
209.00
417.00
4008625.00
584.00
250.00
375.00
5063083.00
750.00
4290208.00
875.00
4044625.00
500.00
4052708.00
625.00
3512291.00
1375.00
250.00
583.00
3967375.00
792.00
250.00
666.00
125.00
958.00
5429916.00
3666.00
292.00
459.00
4037542.00
500.00
250.00
3786750.00
500.00
250.00
333.00
4562084.00
375.00
166.00
1333.00
3951125.00
417.00
250.00
500.00
4181875.00
417.00
250.00
291.00
4093417.00
583.00
458.00
416.00
167.00
375.00
3777292.00
334.00
4139166.00
375.00
4395875.00
333.00
250.00
416.00
4339209.00
1014542.00
167.00
875.00
4080625.00
250.00
3830042.00
3693667.00
167.00
5652875.00
13151833.00
5334167.00
5064375.00
4215375.00
125.00
5913667.00
125.00
5774083.00
167.00
5114000.00
3633459.00
4168167.00
459.00
209.00
3583.00
166.00
250.00
250.00
375.00
1250.00
291.00
125.00
291.00
167.00
500.00
500.00
708.00
3981334.00
125.00
4361083.00
166.00
4016000.00
167.00
4249875.00
125.00
4023459.00
125.00
3991625.00
167.00
4216042.00
250.00
4235708.00
458.00
4262875.00
250.00
333.00
875.00
166.00
333.00
208.00
292.00
1375.00
125.00
208.00
542.00
167.00
4282458.00
167.00
4568625.00
250.00
1138209.00
250.00
458.00
166.00
333.00
208.00
250.00
4100583.00
250.00
3750.00
209.00
292.00
250.00
542.00
208.00
1458.00
250.00
500.00
334.00
4102500.00
333.00
375.00
3923042.00
166.00
292.00
4216541.00
542.00
458.00
334.00
292.00
4221667.00
125.00
3781958.00
250.00
375.00
4225542.00
209.00
4045583.00
208.00
167.00
4052958.00
250.00
4349167.00
167.00
166.00
250.00
5019500.00
250.00
208.00
375.00
4370584.00
292.00
3025666.00
417.00
209.00
4081666.00
209.00
1458.00
5194834.00
875.00
208.00
5772125.00
334.00
1125.00
5417916.00
417.00
208.00
4376125.00
166.00
250.00
250.00
4752333.00
250.00
4766625.00
208.00
3334.00
167.00
4314625.00
292.00
250.00
5440166.00
125.00
375.00
4262459.00
125.00
3541.00
250.00
4151417.00
250.00
4082500.00
333.00
291.00
4034875.00
458.00
4687458.00
167.00
4376167.00
333.00
166.00
1208.00
4264791.00
292.00
364916.00
334.00
667.00
250.00
3736917.00
375.00
208.00
250.00
291.00
3836167.00
416.00
1167.00
250.00
375.00
1583.00
250.00
500.00
417.00
208.00
459.00
209.00
4483625.00
209.00
417.00
167.00
4211583.00
208.00
4225208.00
333.00
375.00
166.00
333.00
4456792.00
1416.00
4007416.00
500.00
4493209.00
3975709.00
4254625.00
4918334.00
333.00
5195375.00
625.00
417.00
167.00
4396250.00
334.00
375.00
4256334.00
208.00
3989375.00
416.00
583.00
4573334.00
1333.00
250.00
292.00
250.00
5682208.00
958.00
208.00
3992833.00
1458.00
250.00
208.00
167.00
166.00
167.00
792.00
292.00
292.00
458.00
417.00
375.00
292.00
834.00
458.00
250.00
1209.00
542.00
542.00
542.00
500.00
250.00
292.00
458.00
708.00
208.00
292.00
292.00
333.00
4245209.00
5049500.00
250.00
4121875.00
625.00
3749708.00
3117625.00
4203708.00
292.00
209.00
416.00
209.00
621084.00
1708.00
291.00
292.00
292.00
250.00
375.00
250.00
250.00
125.00
209.00
208.00
375.00
375.00
459.00
667.00
542.00
292.00
417.00
250.00
250.00
208.00
334.00
333.00
208.00
333.00
333.00
250.00
292.00
209.00
1542.00
250.00
167.00
167.00
208.00
250.00
2000.00
167.00
208.00
250.00
208.00
125.00
209.00
958.00
208.00
375.00
209.00
250.00
250.00
458.00
292.00
417.00
250.00
84.00
417.00
250.00
208.00
166.00
167.00
333.00
125.00
166.00
209.00
167.00
125.00
417.00
375.00
250.00
292.00
500.00
1125.00
167.00
250.00
208.00
291.00
209.00
250.00
375.00
250.00
167.00
125.00
458.00
916.00
167.00
166.00
3834.00
166.00
292.00
208.00
166.00
375.00
208.00
334.00
333.00
208.00
125.00
5289250.00
4279875.00
4123917.00
4383042.00
4678208.00
4866458.00
4133417.00
4363833.00
292.00
542.00
167.00
500.00
209.00
209.00
291.00
166.00
417.00
250.00
4329000.00
292.00
875.00
417.00
708.00
541.00
458.00
250.00
459.00
375.00
292.00
250.00
4417208.00
125.00
542.00
4626625.00
4210750.00
3095875.00
5454625.00
5876875.00
4307250.00
4463417.00
4671542.00
4525208.00
4564000.00
4973042.00
3892500.00
4973500.00
250.00
4549541.00
333.00
958.00
375.00
375.00
4609500.00
125.00
250.00
542.00
333.00
4053417.00
334.00
541.00
292.00
333.00
4408708.00
125.00
4544083.00
250.00
209.00
625.00
250.00
500.00
333.00
417.00
500.00
4494250.00
250.00
542.00
1750.00
333.00
4517791.00
291.00
4523208.00
209.00
4354084.00
1125.00
4438916.00
1167.00
4423833.00
375.00
833.00
4506625.00
1667.00
4414333.00
4075709.00
417.00
4167167.00
6129542.00
667.00
4977542.00
250.00
4723625.00
708.00
4381542.00
833.00
4232500.00
458.00
4695250.00
917.00
542.00
541.00
4790083.00
458.00
333.00
4537625.00
1000.00
4248083.00
458.00
4301416.00
292.00
4491000.00
667.00
4885208.00
667.00
3524792.00
208.00
4352750.00
167.00
4619250.00
334.00
9585125.00
292.00
4016334.00
625.00
4142500.00
1209.00
750.00
5550291.00
3911333.00
4305458.00
4551500.00
458.00
10590125.00
3417.00
417.00
375.00
417.00
417.00
250.00
708.00
9951500.00
5010708.00
4732500.00
5532500.00
333.00
4427042.00
3584.00
4814042.00
4581667.00
375.00
292.00
541.00
4167541.00
125.00
4442167.00
4375.00
5414792.00
166.00
5364791.00
208.00
125.00
334.00
1417.00
2334.00
1083.00
875.00
3042.00
792.00
166.00
2250.00
209.00
459.00
416.00
375.00
250.00
333.00
291.00
333.00
375.00
5346292.00
167.00
417.00
125.00
250.00
250.00
291.00
250.00
208.00
1250.00
166.00
5858375.00
250.00
1625.00
4027500.00
208.00
583.00
375.00
417.00
292.00
458.00
250.00
333.00
500.00
375.00
458.00
375.00
416.00
3291.00
250.00
416.00
250.00
2083.00
1500.00
417.00
1709.00
250.00
291.00
209.00
500.00
291.00
334.00
125.00
458.00
375.00
292.00
541.00
500.00
458.00
458.00
458.00
458.00
875.00
643167.00
458.00
417.00
417.00
375.00
750.00
417.00
375.00
417.00
375.00
1584.00
417.00
167.00
167.00
291.00
459.00
250.00
459.00
375.00
167.00
208.00
417.00
292.00
250.00
375.00
750.00
541.00
292.00
459.00
250.00
334.00
167.00
1250.00
500.00
292.00
542.00
667.00
542.00
334.00
709.00
417.00
291.00
292.00
834.00
334.00
2000.00
666.00
1551416.00
541.00
500.00
417.00
417.00
208.00
459.00
375.00
458.00
333.00
292.00
459.00
209.00
542.00
417.00
500.00
292.00
208.00
208.00
750.00
625.00
542.00
292.00
459.00
166.00
291.00
4836791.00
417.00
208.00
4686750.00
4131875.00
292.00
4316458.00
416.00
5358333.00
167.00
4432917.00
375.00
4216208.00
208.00
166.00
375.00
500.00
5861209.00
1166.00
5828042.00
459.00
4239583.00
2541.00
4910208.00
541.00
3502833.00
333.00
4576416.00
334.00
5372083.00
209.00
4734667.00
292.00
4826042.00
1959.00
4852042.00
4351167.00
209.00
4211583.00
583.00
4325250.00
417.00
5658000.00
458.00
4752083.00
416.00
4890041.00
292.00
5024542.00
292.00
4936542.00
417.00
4687958.00
375.00
4640458.00
4208.00
3924334.00
208.00
4801458.00
208.00
4891541.00
250.00
458.00
5477667.00
166.00
4456250.00
375.00
5531666.00
458.00
4664708.00
1292.00
4783042.00
667.00
4639000.00
500.00
5935167.00
541.00
4446708.00
417.00
3984708.00
583.00
4583708.00
500.00
4485542.00
542.00
6211875.00
375.00
4633666.00
333.00
4410209.00
333.00
4835875.00
792.00
5757250.00
291.00
4241708.00
250.00
5139792.00
292.00
4346167.00
250.00
4474791.00
583.00
5982083.00
292.00
4429125.00
334.00
4482792.00
542.00
4543291.00
208.00
208.00
417.00
1375.00
4987833.00
155625.00
5560833.00
375.00
4120416.00
583.00
291.00
4676666.00
417.00
541.00
292.00
3709.00
458.00
3416.00
125.00
459.00
375.00
375.00
542.00
500.00
500.00
334.00
459.00
166.00
875.00
583.00
250.00
250.00
542.00
167.00
625.00
417.00
334.00
334.00
250.00
333.00
500.00
292.00
208.00
375.00
541.00
375.00
250.00
291.00
4789084.00
292.00
292.00
500.00
4864375.00
334.00
4809667.00
875.00
4730750.00
542.00
5080583.00
167.00
5215000.00
125.00
6086875.00
1292.00
708.00
4727792.00
333.00
4723458.00
333.00
417.00
4123458.00
208.00
6287291.00
542.00
4575417.00
125.00
4737125.00
291.00
4499541.00
667.00
5173958.00
542.00
5368500.00
209.00
4078375.00
708.00
6582833.00
583.00
4518625.00
1625.00
458.00
4871209.00
583.00
5784834.00
1125.00
4749750.00
500.00
4837625.00
208.00
5262792.00
375.00
4578042.00
417.00
4672417.00
250.00
4559541.00
250.00
4529583.00
125.00
4923208.00
209.00
4409917.00
542.00
5380125.00
584.00
5336834.00
584.00
5603791.00
333.00
6365667.00
416.00
4575333.00
375.00
3949542.00
209.00
5795708.00
250.00
4758917.00
1584.00
5194709.00
250.00
4389625.00
3417.00
4609792.00
292.00
4703333.00
375.00
4615792.00
1000.00
4785709.00
500.00
4683875.00
209.00
5372209.00
250.00
5063417.00
125.00
4669292.00
542.00
5210417.00
333.00
4357792.00
333.00
3863792.00
667.00
1250.00
4617500.00
250.00
5059250.00
708.00
4622833.00
250.00
4573417.00
250.00
6054250.00
375.00
7472667.00
416.00
4733417.00
292.00
4505583.00
125.00
4780917.00
3417.00
4620833.00
209.00
4979334.00
4732792.00
4422666.00
5766375.00
333.00
4143125.00
458.00
4907125.00
375.00
5448042.00
416.00
5961417.00
334.00
4688750.00
209.00
4573958.00
333.00
4818750.00
417.00
4673125.00
458.00
6687125.00
250.00
5282375.00
625.00
5082583.00
292.00
5390084.00
542.00
5422958.00
166.00
4842875.00
167.00
4364542.00
1709.00
4849792.00
250.00
4350125.00
250.00
4265958.00
417.00
208.00
4655166.00
458.00
4627333.00
1167.00
6093458.00
292.00
14301625.00
583.00
22763833.00
500.00
20364625.00
458.00
5403208.00
291.00
6223917.00
5900750.00
4734583.00
375.00
4994916.00
250.00
4498959.00
292.00
5225666.00
416.00
5940291.00
584.00
6844333.00
792.00
708.00
209.00
7773750.00
500.00
4868250.00
375.00
6607333.00
333.00
5515167.00
583.00
5033417.00
209.00
4931417.00
291.00
4906125.00
542.00
333.00
4966166.00
500.00
5138542.00
209.00
4730834.00
334.00
4223708.00
250.00
4718167.00
1209.00
5276959.00
292.00
334.00
5140917.00
333.00
5020166.00
3000.00
4789209.00
584.00
5166208.00
416.00
2375.00
4823167.00
375.00
916.00
4274208.00
625.00
4502167.00
3750.00
5071583.00
916.00
3927584.00
917.00
4752792.00
416.00
4761708.00
1250.00
4949125.00
375.00
4632083.00
250.00
4695625.00
458.00
4233209.00
417.00
4879375.00
250.00
4739167.00
375.00
916.00
5041666.00
250.00
4825041.00
375.00
5325834.00
250.00
5155375.00
4764750.00
5005792.00
208.00
5710625.00
541.00
5310417.00
750.00
1166.00
375.00
4931250.00
3709.00
6314459.00
416.00
5221125.00
333.00
4982041.00
458.00
6341042.00
375.00
5937042.00
334.00
5060167.00
250.00
5972708.00
250.00
6292500.00
542.00
4508042.00
167.00
5017042.00
750.00
334.00
4925166.00
500.00
4986583.00
250.00
1459.00
4522833.00
708.00
4880500.00
709.00
5563792.00
2417.00
5190833.00
500.00
5196209.00
500.00
4798833.00
208.00
500.00
375.00
5383959.00
541.00
5022875.00
417.00
4596833.00
375.00
5083083.00
666.00
4563166.00
542.00
6272542.00
291.00
417.00
5411875.00
3709.00
6840625.00
209.00
4799667.00
750.00
5261167.00
334.00
4677708.00
291.00
4924791.00
583.00
5433875.00
333.00
6788916.00
417.00
5288417.00
333.00
5033167.00
1541.00
4899667.00
334.00
5105584.00
333.00
4942667.00
375.00
5036709.00
625.00
6603375.00
291.00
4993208.00
417.00
5004750.00
458.00
5159958.00
583.00
4691208.00
291.00
5071500.00
167.00
4951709.00
500.00
6015375.00
291.00
6086834.00
459.00
4912375.00
334.00
5241459.00
1396166.00
5431250.00
625.00
4896625.00
166.00
5218000.00
542.00
4876042.00
833.00
4841667.00
208.00
5020125.00
500.00
4737125.00
416.00
5266791.00
292.00
5142541.00
208.00
5427667.00
625.00
5179875.00
583.00
5067500.00
542.00
5952584.00
833.00
4833000.00
375.00
6516959.00
625.00
5927625.00
334.00
4893667.00
125.00
7750541.00
291.00
5493208.00
334.00
5794791.00
291.00
4808333.00
333.00
5183000.00
375.00
4833584.00
2625.00
5080959.00
542.00
5438875.00
334.00
5090458.00
541.00
5277500.00
417.00
5182000.00
583.00
5821875.00
625.00
4803833.00
791.00
5320334.00
375.00
4730375.00
334.00
4532500.00
583.00
5071041.00
625.00
5531458.00
458.00
4512959.00
1416.00
5386625.00
334.00
5344166.00
375.00
4860917.00
5167041.00
4956125.00
5054417.00
4855916.00
5046375.00
5220000.00
4789417.00
5199083.00
5086584.00
5308625.00
5305292.00
5458500.00
5874792.00
4914833.00
4873375.00
6206917.00
5025083.00
5236708.00
3917125.00
5923500.00
625.00
4411208.00
375.00
5314334.00
250.00
291.00
375.00
583.00
708.00
5064458.00
208.00
292.00
333.00
Throughput: 0.00 ops/sec
250.00
Latency Measurements (ns):
417.00
625.00
458.00
667.00
625.00
792.00
292.00
417.00
583.00
3250.00
292.00
333.00
333.00
5444667.00
333.00
5099584.00
5266708.00
5476666.00
4086375.00
583.00
5494291.00
875.00
6373583.00
542.00
5626958.00
291.00
4690417.00
417.00
5167041.00
375.00
5170750.00
459.00
6206417.00
416.00
5236084.00
709.00
5118292.00
709.00
5519375.00
417.00
5172084.00
375.00
8678958.00
583.00
5167541.00
3292.00
5162833.00
333.00
5086791.00
1458.00
5231292.00
458.00
5386792.00
292.00
5532250.00
375.00
5418959.00
542.00
5028709.00
458.00
5381042.00
375.00
5000292.00
334.00
5407750.00
625.00
5123542.00
1000.00
5801459.00
583.00
4864583.00
458.00
5827708.00
375.00
5302125.00
292.00
5365167.00
458.00
5569417.00
3208.00
4931833.00
583.00
6927500.00
375.00
5395500.00
584.00
5154834.00
334.00
5284917.00
1000.00
4571792.00
500.00
5305917.00
1042.00
5411667.00
1042.00
5761917.00
583.00
4338959.00
958.00
5383833.00
875.00
4844750.00
417.00
5959958.00
625.00
5433708.00
417.00
5572417.00
500.00
6033334.00
666.00
6319833.00
750.00
5274208.00
1417.00
5384375.00
584.00
4881875.00
334.00
6164583.00
667.00
6242375.00
334.00
5653959.00
625.00
5374417.00
541.00
5118375.00
333.00
5543208.00
3625.00
5476709.00
500.00
5276709.00
750.00
6256833.00
2042.00
6817459.00
1416.00
5354583.00
1125.00
6926458.00
500.00
5266458.00
1625.00
7298958.00
792.00
5557917.00
667.00
5588375.00
458.00
5803458.00
292.00
5379917.00
3208.00
5778041.00
584.00
5097083.00
292.00
5279000.00
416.00
4909334.00
667.00
6162667.00
750.00
6098167.00
500.00
5808792.00
417.00
5356541.00
583.00
5091125.00
583.00
5693291.00
458.00
5606792.00
375.00
5418000.00
541.00
5476500.00
667.00
5480458.00
417.00
5031791.00
416.00
5426416.00
584.00
5570041.00
416.00
542.00
459.00
417.00
667.00
6275083.00
916.00
6034541.00
166.00
5203125.00
541.00
5840834.00
334.00
5422000.00
417.00
5939167.00
333.00
5250167.00
291.00
6777083.00
500.00
4925375.00
1416.00
4863459.00
458.00
5842209.00
292.00
5378292.00
417.00
5568041.00
583.00
5049542.00
750.00
5656542.00
1166.00
5816250.00
625.00
5356166.00
500.00
6979792.00
750.00
6082958.00
583.00
4941250.00
458.00
7498125.00
667.00
6432709.00
833.00
5506208.00
416.00
5444292.00
458.00
5690709.00
375.00
7111583.00
500.00
6024250.00
416.00
6389250.00
2250.00
6895291.00
1083.00
5390875.00
708.00
6943250.00
458.00
5581958.00
875.00
7002917.00
458.00
5225791.00
333.00
6678625.00
584.00
6580375.00
416.00
6455625.00
583.00
7072667.00
1000.00
5434166.00
750.00
5825250.00
750.00
6683291.00
417.00
5686459.00
250.00
5501250.00
542.00
5376583.00
625.00
5833750.00
875.00
6824250.00
500.00
6088417.00
625.00
5148542.00
500.00
5895125.00
458.00
6907209.00
708.00
6911375.00
916.00
5431417.00
459.00
6489875.00
625.00
6521708.00
583.00
6917833.00
750.00
7977000.00
1958.00
6179417.00
1208.00
6915250.00
2500.00
5008500.00
1125.00
5568250.00
625.00
5188291.00
1459.00
6469958.00
1958.00
5765834.00
750.00
7656375.00
958.00
7553125.00
500.00
5170875.00
583.00
5687625.00
542.00
4822750.00
1417.00
5043166.00
708.00
5305417.00
792.00
5842792.00
583.00
6455583.00
750.00
5482958.00
1833.00
5284042.00
625.00
6970125.00
1792.00
6835667.00
333.00
6312292.00
667.00
7162417.00
708.00
6079541.00
542.00
5756750.00
375.00
6227333.00
750.00
6362375.00
459.00
5312584.00
625.00
6019542.00
334.00
5418167.00
583.00
5616292.00
375.00
6251250.00
667.00
5721208.00
875.00
6697333.00
2208.00
8082208.00
500.00
6265916.00
792.00
6524584.00
917.00
4745292.00
541.00
5692959.00
959.00
5104500.00
792.00
5029709.00
541.00
6651625.00
625.00
5460625.00
792.00
8764375.00
458.00
6234583.00
583.00
7845042.00
833.00
5545791.00
458.00
6881875.00
1500.00
6505875.00
708.00
6382625.00
500.00
5793375.00
417.00
6711167.00
500.00
5962833.00
625.00
6992916.00
625.00
5543750.00
625.00
28007916.00
1167.00
23007250.00
875.00
7253375.00
833.00
5665333.00
375.00
5881750.00
750.00
6514542.00
500.00
5288667.00
959.00
6754667.00
1541.00
9010583.00
750.00
6764125.00
459.00
7411208.00
3584.00
4824625.00
750.00
5251417.00
500.00
5563000.00
959.00
6596542.00
833.00
7616791.00
458.00
8115166.00
708.00
6021458.00
416.00
5335292.00
542.00
7338833.00
375.00
5249208.00
3875.00
5601583.00
1875.00
5561458.00
833.00
7553292.00
1542.00
7637500.00
750.00
5360375.00
875.00
6833959.00
375.00
7042625.00
709.00
6795291.00
333.00
7130917.00
625.00
5915209.00
1708.00
5845000.00
625.00
5815416.00
792.00
7991125.00
1000.00
6073875.00
791.00
5470167.00
1083.00
7335167.00
875.00
5152250.00
541.00
6916917.00
1375.00
5747000.00
583.00
5929000.00
1459.00
6745375.00
958.00
6217334.00
1042.00
6723917.00
1750.00
7227542.00
458.00
5834291.00
750.00
5839250.00
583.00
5739291.00
5720584.00
6369500.00
5741291.00
6026500.00
5465500.00
5500542.00
7294958.00
6362625.00
6308208.00
8377250.00
6548041.00
6768167.00
5261833.00
7492791.00
5186250.00
5079667.00
6424208.00
7073791.00
6778458.00
6343000.00
6657833.00
5820666.00
6085542.00
6067459.00
6182000.00
6185542.00
4922708.00
6165584.00
6132209.00
6256167.00
6456708.00
7610750.00
5207333.00
7528375.00
6435583.00
7220292.00
6683250.00
6748916.00
5556584.00
6284375.00
7559000.00
5131666.00
8882250.00
6449292.00
6252750.00
5894375.00
6705334.00
7150833.00
5332084.00
6201375.00
7286166.00
6999208.00
5279333.00
6254792.00
6592000.00
6003167.00
5839417.00
6026541.00
5508709.00
6668917.00
6353542.00
5701125.00
7052542.00
6607083.00
6229875.00
5892333.00
6122458.00
5879167.00
7778792.00
6944500.00
250.00
5972250.00
333.00
6216958.00
750.00
5993625.00
500.00
7220875.00
208.00
7021417.00
1542.00
7263042.00
417.00
5482791.00
667.00
5849709.00
583.00
6263250.00
208.00
6339459.00
750.00
7500208.00
417.00
5489792.00
208.00
7611916.00
167.00
5685458.00
541.00
6035709.00
1296375.00
5718667.00
166.00
6218459.00
500.00
5949125.00
334.00
7611375.00
583.00
6783334.00
416.00
5955834.00
375.00
8958084.00
292.00
5579542.00
500.00
8216459.00
542.00
7047250.00
1125.00
6109584.00
375.00
6755917.00
2250.00
6434333.00
3417.00
7854292.00
292.00
6548375.00
334.00
6384208.00
458.00
6082250.00
333.00
5978125.00
250.00
7036875.00
209.00
6089125.00
292.00
6363458.00
459.00
6073459.00
458.00
7192625.00
208.00
6291917.00
1250.00
6276709.00
417.00
7409250.00
625.00
5943583.00
542.00
6528083.00
875.00
6944917.00
292.00
6199292.00
667.00
6258750.00
417.00
7804417.00
459.00
6242750.00
583.00
6084375.00
542.00
5776916.00
1167.00
5411583.00
625.00
7364791.00
750.00
5655125.00
791.00
9121875.00
334.00
5907709.00
625.00
6260583.00
3334.00
6128166.00
458.00
6196209.00
3709.00
6009083.00
541.00
5554833.00
1333.00
5867250.00
1042.00
7931292.00
625.00
6118417.00
792.00
7043417.00
458.00
8099583.00
875.00
6475958.00
750.00
6282125.00
1334.00
7969667.00
875.00
6219334.00
959.00
7255708.00
250.00
6162708.00
748500.00
6082375.00
250.00
6151083.00
375.00
6009500.00
667.00
7957417.00
375.00
6219375.00
1625.00
6007917.00
3292.00
7274708.00
375.00
5921583.00
542.00
5851417.00
1346042.00
5982416.00
417.00
5920625.00
417.00
8057500.00
375.00
5835917.00
500.00
7145417.00
583.00
5852959.00
541.00
7166958.00
875.00
6483291.00
417.00
6168375.00
584.00
5767666.00
375.00
6213583.00
458.00
6330792.00
458.00
6001333.00
458.00
6266708.00
333.00
6492041.00
208.00
6286750.00
125.00
6268166.00
625.00
292.00
500.00
500.00
5210875.00
1208.00
6359625.00
417.00
6190208.00
3250.00
334.00
500.00
375.00
334.00
8611041.00
500.00
6355000.00
334.00
6584292.00
500.00
6454666.00
375.00
7455333.00
542.00
7188917.00
375.00
6725459.00
458.00
6203208.00
333.00
6321083.00
291.00
7316000.00
583.00
6354417.00
500.00
6140375.00
500.00
6386375.00
792.00
6151875.00
375.00
5965083.00
209.00
9263625.00
584.00
7616667.00
333.00
6667500.00
250.00
5915917.00
375.00
6552000.00
416.00
6119041.00
542.00
5584542.00
250.00
6307500.00
375.00
6403750.00
375.00
6525375.00
459.00
6263583.00
541.00
7461209.00
791.00
6291292.00
416.00
6027875.00
459.00
6333000.00
500.00
6586667.00
584.00
7847792.00
417.00
6821958.00
344292.00
6040834.00
458.00
6820083.00
292.00
6033291.00
500.00
6339250.00
417.00
6500375.00
334.00
5435958.00
583.00
5691875.00
375.00
6347292.00
375.00
6269750.00
542.00
6814459.00
542.00
6281167.00
2042.00
7283041.00
3625.00
6100333.00
375.00
5753000.00
334.00
6236667.00
3250.00
6230625.00
375.00
6290625.00
167.00
6504834.00
375.00
6097208.00
458.00
6351292.00
667.00
7491833.00
709.00
5581833.00
500.00
6480542.00
208.00
7797042.00
542.00
5716667.00
334.00
6480583.00
458.00
6300834.00
1625.00
6452333.00
375.00
7732542.00
417.00
6357583.00
250.00
5541750.00
375.00
6325292.00
417.00
6534084.00
250.00
6283125.00
542.00
6295209.00
333.00
7464875.00
708.00
6323208.00
708.00
6736833.00
375.00
6400791.00
375.00
6628333.00
584.00
6987666.00
416.00
6548667.00
584.00
6261209.00
1166.00
6445958.00
161417.00
6361792.00
3542.00
6454666.00
459.00
26762334.00
333.00
17973667.00
291.00
6926458.00
1000.00
8055666.00
3458.00
7219959.00
583.00
8556208.00
375.00
7536084.00
292.00
7200542.00
250.00
6527917.00
542.00
6740625.00
250.00
6598000.00
3375.00
6741750.00
375.00
5881917.00
666.00
8413209.00
542.00
6935334.00
167.00
6989916.00
500.00
6776667.00
416.00
6440500.00
292.00
7335708.00
250.00
7063459.00
334.00
6522584.00
500.00
8179792.00
500.00
7246167.00
666.00
7270792.00
500.00
6629166.00
250.00
6725584.00
333.00
6601125.00
375.00
8567458.00
416.00
6609667.00
1333.00
7495416.00
500.00
8264083.00
542.00
6373667.00
458.00
6779458.00
167.00
6246500.00
625.00
6703084.00
417.00
6699083.00
250.00
8105583.00
375.00
6692500.00
708.00
6643875.00
416.00
6542208.00
250.00
6914083.00
333.00
6039000.00
542.00
6178709.00
500.00
10021500.00
541.00
6365333.00
1250.00
6779875.00
375.00
6704708.00
167.00
5848500.00
334.00
6841000.00
500.00
7715000.00
292.00
7151833.00
334.00
6603375.00
208.00
9536792.00
583.00
6265458.00
250.00
7785125.00
250.00
6678417.00
333.00
6797833.00
334.00
7108250.00
833.00
5061334.00
708.00
7101750.00
375.00
6841542.00
709.00
5213542.00
459.00
6494709.00
334.00
6633292.00
250.00
6643291.00
3459.00
7061958.00
500.00
6759000.00
250.00
7156250.00
709.00
7497542.00
334.00
5818750.00
417.00
6868958.00
333.00
6756750.00
333.00
6615708.00
583.00
7332333.00
250.00
5369916.00
1553875.00
6959250.00
375.00
5715166.00
750.00
6905833.00
541.00
7023083.00
250.00
7540709.00
208.00
6795750.00
500.00
7407125.00
333.00
6944375.00
334.00
6933125.00
250.00
5889709.00
1541.00
8746584.00
3291.00
6973291.00
375.00
6666667.00
708.00
7057542.00
333.00
8207959.00
541.00
6939542.00
292.00
6609292.00
1791.00
6438042.00
459.00
6299125.00
458.00
7661333.00
500.00
6779917.00
209.00
6769417.00
500.00
6503875.00
417.00
6326750.00
334.00
7187417.00
584.00
6729292.00
875.00
7742333.00
375.00
7696208.00
250.00
6246833.00
500.00
6929917.00
542.00
6603917.00
417.00
8180875.00
166.00
8281125.00
708.00
7079833.00
667.00
6859917.00
625.00
7511750.00
500.00
6622000.00
375.00
6817166.00
750.00
5611916.00
417.00
8051250.00
583.00
6961625.00
500.00
6993458.00
292.00
7161792.00
417.00
7091292.00
417.00
7134209.00
375.00
8340500.00
709.00
7405792.00
583.00
7115917.00
1416.00
7181625.00
792.00
6394750.00
375.00
7531375.00
2416.00
6831083.00
542.00
7603583.00
583.00
6722750.00
583.00
5962292.00
417.00
6680541.00
875.00
6637208.00
417.00
7996625.00
375.00
6902833.00
416.00
6898917.00
417.00
6064375.00
417.00
7226958.00
542.00
8800750.00
375.00
6991541.00
458.00
6781375.00
333.00
5508500.00
458.00
7539417.00
541.00
6782417.00
459.00
6873333.00
792.00
6608417.00
667.00
5393125.00
500.00
7067334.00
250.00
6918375.00
166.00
8430583.00
417.00
5443666.00
375.00
7646792.00
500.00
6975750.00
250.00
6039375.00
2709.00
7099042.00
500.00
6983500.00
375.00
7124208.00
3750.00
7190917.00
625.00
6111916.00
667.00
7370375.00
416.00
6573791.00
1417.00
6581125.00
500.00
6726292.00
333.00
7076333.00
708.00
7330375.00
500.00
6704875.00
2000.00
7183042.00
625.00
8251709.00
333.00
7229958.00
625.00
6479959.00
291.00
7217625.00
292.00
6782167.00
667.00
6041833.00
1041.00
7045541.00
2208.00
6796917.00
625.00
7275917.00
750.00
10955333.00
958.00
6755333.00
417.00
6648750.00
1291.00
7036458.00
333.00
6586125.00
625.00
7411875.00
250.00
7000667.00
292.00
7130375.00
584.00
7195542.00
833.00
7298459.00
292.00
8576708.00
375.00
6888833.00
333.00
7475708.00
541.00
8980500.00
500.00
7280750.00
416.00
7541666.00
709.00
6857584.00
292.00
6885917.00
791.00
7540459.00
416.00
7030000.00
667.00
8837291.00
541.00
7472583.00
209.00
7416208.00
542.00
9705125.00
333.00
5746708.00
208.00
8992209.00
3708.00
9958875.00
375.00
8378542.00
333.00
8963333.00
625.00
6910334.00
625.00
7177375.00
958.00
6373125.00
1750.00
8647166.00
583.00
9631458.00
459.00
7696000.00
292.00
7333584.00
333.00
6829292.00
292.00
7451667.00
708.00
7477250.00
292.00
7111958.00
542.00
7139292.00
500.00
6207125.00
458.00
8314458.00
667.00
6489583.00
875.00
9550125.00
459.00
7464333.00
625.00
7498083.00
375.00
7382792.00
458.00
8986375.00
333.00
7842417.00
292.00
6082042.00
208.00
6654958.00
375.00
7196167.00
834.00
6913875.00
500.00
7743459.00
417.00
6988083.00
250.00
7608416.00
458.00
6702000.00
292.00
7581042.00
333.00
9709125.00
625.00
8794125.00
667.00
9696791.00
542.00
6019917.00
541.00
7549375.00
375.00
9509584.00
625.00
9388917.00
375.00
6761666.00
625.00
7276709.00
708.00
12076958.00
584.00
8928625.00
291.00
7385292.00
417.00
18639166.00
667.00
16366833.00
625.00
7264125.00
458.00
8470833.00
792.00
8870834.00
583.00
8786583.00
500.00
6610209.00
459.00
8784917.00
500.00
6321917.00
458.00
7540000.00
959.00
7205500.00
375.00
7322875.00
500.00
8687917.00
291.00
9049291.00
667.00
7808291.00
667.00
7481208.00
334.00
7749042.00
333.00
7339834.00
792.00
7428834.00
333.00
7285208.00
458.00
9627917.00
458.00
6743208.00
375.00
7349833.00
250.00
7428750.00
5209.00
7344041.00
375.00
6990750.00
625.00
7680667.00
916.00
8153459.00
625.00
8177916.00
334.00
7929834.00
458.00
10329917.00
625.00
6756167.00
625.00
7785500.00
917.00
7212250.00
500.00
8424625.00
750.00
7111625.00
625.00
7291584.00
500.00
7478750.00
667.00
7511334.00
208.00
7071375.00
500.00
7609584.00
875.00
7233167.00
1000.00
7449750.00
375.00
9452208.00
625.00
9573458.00
1667.00
7126834.00
917.00
7151333.00
500.00
8210959.00
292.00
7266833.00
584.00
9002125.00
458.00
9075791.00
334.00
8347583.00
500.00
7695000.00
333.00
8967167.00
3542.00
6944500.00
417.00
7469375.00
333.00
7410333.00
625.00
7429292.00
375.00
7487292.00
292.00
7450042.00
875.00
7017292.00
375.00
7354792.00
625.00
7390208.00
3750.00
7557375.00
3791.00
9558292.00
709.00
7240083.00
333.00
7544958.00
1167.00
6859750.00
2834.00
7930875.00
333.00
8222875.00
709.00
6043459.00
2959.00
8505250.00
542.00
7351959.00
1417.00
8082542.00
1375.00
7205958.00
583.00
6947458.00
541.00
7991959.00
750.00
8044000.00
417.00
8844625.00
291.00
8049250.00
875.00
7004666.00
375.00
7884583.00
500.00
7395625.00
584.00
7645625.00
2042.00
7204958.00
625.00
7528250.00
292.00
7053250.00
584.00
6936792.00
333.00
7377208.00
833.00
7940875.00
584.00
7290375.00
500.00
7568875.00
417.00
7849625.00
666.00
7667208.00
458.00
6880291.00
500.00
7591958.00
541.00
7969917.00
833.00
7350000.00
375.00
7445542.00
667.00
7212667.00
1542.00
7193958.00
333.00
7666750.00
3500.00
8981125.00
208.00
8016500.00
459.00
8967542.00
875.00
9336042.00
583.00
8014709.00
584.00
11886542.00
250.00
8488042.00
542.00
8693000.00
167.00
8423542.00
375.00
8337125.00
417.00
12414583.00
500.00
9331250.00
958.00
7741083.00
333.00
7146834.00
708.00
8687167.00
375.00
5864834.00
584.00
8839833.00
375.00
10038042.00
666.00
8715416.00
542.00
9625250.00
334.00
8795417.00
625.00
7570542.00
1246042.00
7105000.00
1167.00
7309167.00
1250.00
7754708.00
375.00
7295666.00
542.00
8349292.00
674792.00
9846000.00
875.00
7305083.00
375.00
10226542.00
458.00
7400792.00
833.00
7915917.00
333.00
7836542.00
375.00
7075416.00
542.00
8271917.00
584.00
9318750.00
708.00
8081625.00
375.00
7118083.00
500.00
7602542.00
917.00
7203542.00
667.00
7733583.00
667.00
7576958.00
458.00
6748292.00
708.00
7507209.00
1542.00
9624000.00
708.00
7633875.00
542.00
7189000.00
584.00
7612708.00
459.00
7263000.00
542.00
7083583.00
542.00
7033583.00
292.00
10123042.00
541.00
8193833.00
500.00
7499125.00
542.00
7658709.00
666.00
8840584.00
375.00
8273042.00
417.00
7517416.00
1208.00
7591250.00
584.00
7661708.00
1230875.00
7877125.00
416.00
7504917.00
417.00
7680958.00
666.00
7292292.00
541.00
7878916.00
500.00
7444084.00
583.00
7740833.00
709.00
9203208.00
1750.00
7454083.00
541.00
7516209.00
1125.00
7602916.00
750.00
7626792.00
666.00
7099875.00
875.00
8618250.00
458.00
8393042.00
1000.00
8198000.00
750.00
7504875.00
708.00
8295708.00
2167.00
7975333.00
500.00
8393375.00
625.00
8382292.00
625.00
8222792.00
792.00
9187458.00
375.00
7707250.00
792.00
7950708.00
708.00
9653917.00
459.00
8089750.00
250.00
9109208.00
833.00
7976125.00
334.00
8370583.00
458.00
6765042.00
542.00
8299083.00
500.00
6757916.00
625.00
10529958.00
458.00
7537875.00
417.00
8691084.00
541.00
8110167.00
1250.00
7653875.00
208.00
7800708.00
375.00
7934459.00
667.00
7523000.00
458.00
8459917.00
542.00
11363875.00
791.00
8074667.00
917.00
7701667.00
917.00
8240917.00
750.00
7760875.00
333.00
8040834.00
959.00
31397625.00
625.00
7945041.00
1208.00
7958542.00
958.00
7770584.00
375.00
9917542.00
542.00
7411250.00
584.00
8105916.00
458.00
7546083.00
333.00
8295458.00
583.00
7944542.00
541.00
667.00
541.00
500.00
834.00
625.00
417.00
4959.00
375.00
709.00
833.00
458.00
667.00
541.00
1208.00
1666.00
542.00
625.00
750.00
417.00
500.00
24500.00
708.00
625.00
583.00
792.00
583.00
417.00
292.00
1042.00
958.00
625.00
333.00
291.00
459.00
708.00
542.00
291.00
250.00
541.00
2833.00
708.00
250.00
542.00
334.00
3875.00
333.00
375.00
708.00
333.00
542.00
375.00
416.00
875.00
417.00
625.00
792.00
1542.00
1917.00
500.00
1459.00
916.00
1625.00
2125.00
462709.00
625.00
1166.00
792.00
1125.00
1875.00
625.00
1292.00
1417.00
833.00
834.00
500.00
416.00
416.00
750.00
709.00
500.00
625.00
417.00
375.00
375.00
1542.00
333.00
708.00
583.00
375.00
875.00
750.00
666.00
542.00
584.00
708.00
625.00
1625.00
666.00
375.00
584.00
542.00
417.00
3750.00
1375.00
583.00
2917.00
500.00
333.00
375.00
875.00
583.00
458.00
375.00
417.00
625.00
500.00
542.00
3875.00
750.00
625.00
667.00
417.00
417.00
625.00
416.00
333.00
542.00
708.00
666.00
750.00
500.00
459.00
583.00
875.00
500.00
583.00
583.00
708.00
583.00
250.00
584.00
750.00
708.00
666.00
833.00
292.00
417.00
583.00
458.00
792.00
291.00
375.00
375.00
500.00
2542.00
1041.00
417.00
375.00
542.00
500.00
750.00
2542.00
875.00
417.00
709.00
875.00
625.00
542.00
459.00
458.00
500.00
500.00
792.00
791.00
1666.00
833.00
459.00
584.00
500.00
667.00
792.00
666.00
709.00
375.00
333.00
1375.00
291.00
666.00
708.00
542.00
2792.00
667.00
833.00
583.00
583.00
459.00
209.00
375.00
459.00
834.00
292.00
666.00
417.00
1333.00
291.00
333.00
417.00
625.00
375.00
541.00
875.00
416.00
667.00
417.00
583.00
500.00
542.00
334.00
584.00
1250.00
417.00
208.00
541.00
417.00
542.00
292.00
625.00
959.00
417.00
375.00
291.00
750.00
1000.00
334.00
375.00
500.00
750.00
625.00
458.00
541.00
334.00
458.00
583.00
917.00
458.00
458.00
292.00
584.00
542.00
667.00
3583.00
500.00
333.00
667.00
708.00
667.00
583.00
416.00
584.00
541.00
375.00
333.00
292.00
834.00
833.00
875.00
792.00
417.00
875.00
458.00
1166.00
959.00
333.00
541.00
417.00
1625.00
4250.00
750.00
292.00
500.00
334.00
584.00
667.00
583.00
375.00
792.00
2000.00
458.00
291.00
3375.00
583.00
542.00
417.00
583.00
917.00
541.00
542.00
500.00
584.00
584.00
417.00
958.00
833.00
500.00
834.00
458.00
583.00
1500.00
292.00
583.00
417.00
583.00
958.00
792.00
541.00
333.00
333.00
1416.00
709.00
625.00
208.00
375.00
375.00
959.00
917.00
458.00
708.00
458.00
3666.00
459.00
709.00
375.00
1083.00
375.00
291.00
458.00
500.00
500.00
1750.00
625.00
1084.00
750.00
3208.00
333.00
500.00
459.00
625.00
667.00
750.00
1458.00
250.00
291.00
583.00
1166.00
833.00
583.00
1542.00
709.00
667.00
458.00
2125.00
583.00
459.00
458.00
500.00
500.00
1417.00
709.00
833.00
583.00
458.00
625.00
458.00
2583.00
500.00
750.00
792.00
583.00
375.00
834.00
583.00
333.00
583.00
625.00
417.00
458.00
833.00
584.00
3375.00
583.00
667.00
666.00
500.00
500.00
500.00
500.00
750.00
583.00
500.00
3791.00
708.00
1792.00
625.00
458.00
500.00
416.00
1084.00
500.00
625.00
667.00
584.00
333.00
667.00
459.00
458.00
375.00
2333.00
500.00
583.00
750.00
417.00
583.00
3375.00
1208.00
500.00
167.00
750.00
417.00
333.00
375.00
583.00
1375.00
708.00
625.00
292.00
333.00
1667.00
667.00
625.00
584.00
959.00
1083.00
875.00
375.00
750.00
542.00
1500.00
292.00
542.00
833.00
750.00
625.00
750.00
917.00
584.00
1292.00
791.00
541.00
375.00
8110417.00
416.00
7833333.00
375.00
7795125.00
833.00
7584166.00
333.00
8993584.00
500.00
8378458.00
667.00
7677708.00
667.00
7551458.00
875.00
7887917.00
417.00
7866958.00
667.00
8577125.00
917.00
8470750.00
916.00
8469834.00
875.00
7897250.00
833.00
7848834.00
292.00
12502167.00
2084.00
8051958.00
500.00
9634125.00
458.00
8568334.00
375.00
7595042.00
792.00
7727167.00
750.00
10725792.00
459.00
833.00
7742791.00
1208.00
7692208.00
2167.00
8097209.00
1417.00
7959666.00
1000.00
7425750.00
1250.00
8958291.00
1042.00
8291708.00
1500.00
7327209.00
2458.00
8277166.00
1961334.00
7781208.00
1041.00
8265041.00
1083.00
9214917.00
958.00
7782834.00
1333.00
8006417.00
1500.00
7802667.00
2417.00
8080167.00
1500.00
9703917.00
916.00
10063000.00
1875.00
7561666.00
2000.00
8345834.00
1250.00
8231792.00
1583.00
7525458.00
1917.00
8099375.00
2167.00
7627541.00
1333.00
7923458.00
1291.00
8078125.00
2125.00
7092875.00
833.00
9148292.00
2792.00
7549625.00
4169000.00
7960750.00
1875.00
7604167.00
1917.00
8801375.00
958.00
7086625.00
2459.00
7873416.00
917.00
7719250.00
2333.00
8587667.00
1708.00
7827417.00
1166.00
8258958.00
1000.00
7762708.00
584.00
8156250.00
1041.00
9536958.00
2250.00
8074583.00
875.00
8082667.00
708.00
8188791.00
750.00
7706542.00
708.00
8037708.00
1042.00
8406584.00
667.00
7680083.00
834.00
7441750.00
500.00
7978000.00
458.00
8312584.00
541.00
9157000.00
750.00
7875500.00
291.00
8011333.00
542.00
8168542.00
542.00
7151833.00
666.00
8197458.00
584.00
7271792.00
750.00
8197292.00
1042.00
9828750.00
375.00
7991125.00
584.00
7515000.00
667.00
8161166.00
1208.00
8025625.00
833.00
10377708.00
375.00
6852750.00
583.00
9361333.00
750.00
7867542.00
750.00
9445750.00
625.00
8267875.00
121833.00
8538167.00
833.00
7643333.00
625.00
8745042.00
792.00
9329459.00
2334.00
8192000.00
500.00
8381625.00
1084.00
8030500.00
1667.00
10260833.00
1083.00
7506958.00
667.00
8120875.00
792.00
7833292.00
791.00
7497458.00
750.00
7488709.00
667.00
10436042.00
583.00
8239750.00
708.00
8189500.00
458.00
10169375.00
667.00
9298083.00
708.00
7943084.00
584.00
8273959.00
792.00
8676166.00
750.00
9402459.00
667.00
7678333.00
709.00
7429125.00
3292.00
9597333.00
1125.00
10317500.00
750.00
9742917.00
709.00
8204708.00
792.00
7267916.00
375.00
7876959.00
542.00
8469584.00
750.00
7996083.00
833.00
7946875.00
875.00
9772667.00
1833.00
11036333.00
750.00
7973209.00
1584.00
7999292.00
542.00
8732791.00
667.00
9659167.00
292.00
7277666.00
417.00
8545417.00
542.00
7959375.00
292.00
9364334.00
583.00
8095125.00
625.00
8353208.00
458.00
9834667.00
458.00
7916000.00
458.00
9494208.00
625.00
10468166.00
583.00
7607292.00
625.00
8969542.00
417.00
8185792.00
2084.00
8236042.00
458.00
7710584.00
458.00
9644167.00
375.00
11088750.00
500.00
7999958.00
958.00
7862500.00
417.00
8234541.00
500.00
8021917.00
750.00
8199958.00
1583.00
10026583.00
334.00
8626334.00
708.00
7857750.00
708.00
9794333.00
417.00
7853584.00
583.00
9721167.00
500.00
8324209.00
791.00
10278917.00
500.00
8616166.00
792.00
9544750.00
500.00
10019000.00
625.00
8429875.00
458.00
8090291.00
1083.00
7476000.00
625.00
7691042.00
833.00
11414167.00
3834.00
8624125.00
875.00
7977167.00
1500.00
7839417.00
708.00
8471667.00
542.00
10299333.00
1500.00
9872959.00
583.00
7207250.00
834.00
8122875.00
625.00
8337666.00
625.00
9662042.00
1625.00
8813167.00
500.00
8445833.00
584.00
8378750.00
583.00
9662625.00
791.00
17252666.00
1000.00
8467833.00
708.00
8058875.00
833.00
10246542.00
375.00
9450542.00
584.00
9376375.00
416.00
8538584.00
958.00
10637625.00
500.00
8432500.00
667.00
9052667.00
625.00
7752084.00
709.00
9052500.00
1000.00
9141708.00
1000.00
10959667.00
750.00
8256000.00
542.00
9582375.00
625.00
7883292.00
1292.00
7578334.00
625.00
7570209.00
1041.00
8898250.00
708.00
8241875.00
1334.00
9622708.00
625.00
7122583.00
875.00
7400167.00
1791.00
9105458.00
875.00
8008292.00
792.00
8417875.00
1083.00
9773625.00
1084.00
8255917.00
875.00
7809125.00
666.00
9886209.00
583.00
6996916.00
750.00
8013167.00
583.00
8601292.00
875.00
8468208.00
791.00
8179334.00
459.00
8262125.00
583.00
10736542.00
292.00
8594125.00
2000.00
7939042.00
666.00
7810375.00
875.00
10933792.00
666.00
9928167.00
500.00
10035459.00
917.00
8632625.00
458.00
8750542.00
709.00
8182583.00
791.00
7793667.00
1584.00
9045208.00
750.00
10743792.00
792.00
9919125.00
542.00
8164417.00
1708.00
8683042.00
1834.00
11481791.00
1209.00
8152708.00
1250.00
8612958.00
1041.00
9154000.00
917.00
8631750.00
958.00
8377958.00
667.00
10647458.00
1167.00
10538667.00
791.00
8323500.00
708.00
8185333.00
708.00
8843417.00
709.00
8513084.00
667.00
7827000.00
833.00
8398875.00
583.00
9553500.00
958.00
11311458.00
542.00
10178666.00
500.00
6776583.00
750.00
8633666.00
958.00
8570709.00
1250.00
12085041.00
750.00
8748166.00
833.00
10909208.00
791.00
9248625.00
708.00
8055458.00
750.00
8996750.00
542.00
8392792.00
667.00
10691583.00
875.00
8304916.00
958.00
8852375.00
750.00
10445333.00
667.00
10668333.00
459.00
11369709.00
333.00
8271875.00
333.00
8623416.00
958.00
10077750.00
792.00
10783125.00
584.00
9891416.00
625.00
9882750.00
417.00
7690000.00
541.00
9410709.00
416.00
8776375.00
709.00
10567416.00
500.00
9265834.00
2250.00
10673333.00
2083.00
8778208.00
583.00
8816500.00
625.00
9025292.00
1042.00
11255583.00
834.00
12061833.00
500.00
8942375.00
666.00
11329125.00
750.00
9761417.00
625.00
10036125.00
2333.00
9479916.00
667.00
8864292.00
458.00
10606166.00
417.00
8289625.00
291.00
10129584.00
2416.00
8203042.00
709.00
7972041.00
625.00
8874000.00
875.00
9773000.00
584.00
6608292.00
750.00
8173667.00
1208.00
8837416.00
1750.00
7544000.00
750.00
9949958.00
708.00
11422166.00
833.00
8865541.00
666.00
10624750.00
458.00
8977000.00
541.00
8429917.00
875.00
10196917.00
1000.00
8865708.00
1000.00
9253000.00
459.00
9844667.00
541.00
13701709.00
1000.00
88489625.00
417.00
21557500.00
1209.00
51512000.00
584.00
30672708.00
1583.00
24823250.00
709.00
18601625.00
875.00
15634375.00
1291.00
17094333.00
2791.00
19561792.00
958.00
16174792.00
917.00
13586875.00
1750.00
21509208.00
1417.00
34982667.00
2083.00
63789500.00
625.00
14215542.00
541.00
24143041.00
708.00
20557125.00
791.00
19419458.00
583.00
18137208.00
542.00
16642583.00
1083.00
14875084.00
2167.00
30897708.00
666.00
18417667.00
708.00
13650792.00
208.00
17898000.00
833.00
15353333.00
792.00
16778666.00
416.00
28475500.00
458.00
17573667.00
750.00
16667375.00
542.00
12071458.00
958.00
14822292.00
750.00
15012541.00
584.00
16541083.00
542.00
20271333.00
875.00
13384541.00
375.00
13960375.00
1417.00
18457709.00
583.00
14386708.00
417.00
10209417.00
834.00
8826458.00
667.00
9464459.00
375.00
12993541.00
959.00
10031625.00
500.00
11124750.00
875.00
8626708.00
417.00
9697917.00
541.00
11710167.00
791.00
8564583.00
667.00
9111917.00
417.00
9286958.00
875.00
9626292.00
542.00
10624708.00
2083.00
11057416.00
2042.00
11587875.00
833.00
12885250.00
459.00
9124708.00
1125.00
11461625.00
709.00
10840916.00
417.00
9157250.00
583.00
12109916.00
875.00
9485708.00
2500.00
8694375.00
709.00
11501958.00
709.00
8610167.00
3208.00
9577083.00
292.00
9183792.00
917.00
8872750.00
584.00
9498209.00
875.00
10388000.00
500.00
11997334.00
750.00
10891084.00
625.00
7629708.00
1000.00
9789000.00
625.00
12450500.00
1958.00
8684000.00
334.00
8715875.00
375.00
9893042.00
459.00
11778625.00
1500.00
9944750.00
584.00
8955167.00
500.00
9372292.00
750.00
9493125.00
750.00
11372583.00
709.00
12297459.00
709.00
10240083.00
916.00
9346042.00
1750.00
10150583.00
709.00
10432833.00
1375.00
10566750.00
583.00
8209209.00
666.00
8507000.00
709.00
10568042.00
667.00
8468875.00
708.00
9384625.00
417.00
10461959.00
667.00
8890708.00
500.00
11184166.00
3709.00
10617917.00
500.00
12138292.00
583.00
11465125.00
625.00
10879042.00
2875.00
10564125.00
416.00
10296791.00
458.00
9213459.00
417.00
10155375.00
666.00
10200667.00
959.00
9069875.00
333.00
8275542.00
417.00
9347541.00
792.00
10490083.00
958.00
8360750.00
583.00
9504875.00
1167.00
8998750.00
459.00
10379916.00
875.00
9172167.00
833.00
8402125.00
333.00
8958166.00
792.00
8905125.00
500.00
12580291.00
2083.00
8662750.00
1000.00
9017417.00
2750.00
8511792.00
1166.00
10308500.00
792.00
9945250.00
625.00
9010000.00
708.00
10694958.00
916.00
9120583.00
875.00
11031666.00
875.00
9571500.00
625.00
9179083.00
583.00
9519750.00
1625.00
9054417.00
583.00
10491209.00
6625.00
9281000.00
667.00
11773792.00
792.00
10818667.00
584.00
9553584.00
708.00
9657500.00
708.00
11233459.00
583.00
11185875.00
1000.00
8745708.00
1000.00
9029166.00
375.00
8982542.00
1708.00
12306750.00
791.00
9526500.00
583.00
32915583.00
916.00
9893041.00
625.00
8950750.00
541.00
11240292.00
833.00
8529666.00
1250.00
11109625.00
750.00
9192250.00
583.00
9746750.00
875.00
10164458.00
792.00
11592750.00
1166.00
9192917.00
417.00
12415500.00
541.00
10820542.00
792.00
9201667.00
791.00
10921000.00
834.00
11048166.00
1458.00
9035458.00
709.00
10183708.00
958.00
9556292.00
750.00
8030042.00
1958.00
9306166.00
792.00
9745166.00
1958.00
10645833.00
1584.00
9146959.00
666.00
9095542.00
709.00
10110542.00
1333.00
9622250.00
833.00
10753750.00
1125.00
9021459.00
583.00
10662833.00
708.00
11132250.00
875.00
11140250.00
750.00
9192792.00
667.00
9866792.00
750.00
10141125.00
2083.00
8400959.00
917.00
9380208.00
583.00
9149333.00
459.00
11061042.00
625.00
9744083.00
792.00
10217042.00
750.00
8837958.00
583.00
11033583.00
959.00
9546792.00
791.00
9535584.00
1875.00
9194416.00
959.00
10313292.00
1041.00
9543417.00
750.00
11859208.00
834.00
11063083.00
1917.00
9415292.00
1875.00
12836375.00
667.00
9361583.00
709.00
8356375.00
750.00
9343500.00
958.00
9666000.00
416.00
9075000.00
959.00
9377709.00
708.00
9568542.00
667.00
10657708.00
500.00
12522750.00
9677500.00
9705708.00
11202167.00
11635708.00
10548709.00
12488709.00
11917542.00
9979542.00
10384834.00
9342334.00
9548625.00
9709208.00
9774542.00
9802083.00
10029334.00
958.00
10004250.00
9820000.00
9185292.00
13051542.00
9482375.00
1000.00
10608625.00
1000.00
10668709.00
750.00
9779625.00
11346292.00
11456167.00
10836875.00
750.00
11208625.00
750.00
11154709.00
11198500.00
11212291.00
11555541.00
1000.00
10112250.00
833.00
9375959.00
9043500.00
9296083.00
2875.00
11296375.00
375.00
8586708.00
750.00
9122916.00
1250.00
834.00
958.00
792.00
1291.00
709.00
11221500.00
9342625.00
8702959.00
9195417.00
10954291.00
9643167.00
9475542.00
9756000.00
12397750.00
9230333.00
11136625.00
18698084.00
9308542.00
10689541.00
8890875.00
9813584.00
8939333.00
14209541.00
10588500.00
10488708.00
11580500.00
9661083.00
8601917.00
10027917.00
9746000.00
12920875.00
9807625.00
10513417.00
10418792.00
11390541.00
12312333.00
43730084.00
13098167.00
10869334.00
9328958.00
8161708.00
10981833.00
11098667.00
11049291.00
15461000.00
9482250.00
9456875.00
9071334.00
9035542.00
12961458.00
9551917.00
19949625.00
9359709.00
9729083.00
9636375.00
9376208.00
46593333.00
23920584.00
11678084.00
11524250.00
9485375.00
10978667.00
10170666.00
12665834.00
9746625.00
9677792.00
13311041.00
7907125.00
9772500.00
11128917.00
14190792.00
12716667.00
11185125.00
9596750.00
9446583.00
9543958.00
9279417.00
12685708.00
9616291.00
11907375.00
8591584.00
9267375.00
11860250.00
11466042.00
9707750.00
10922584.00
10020167.00
13990042.00
9453417.00
9146375.00
8680834.00
9783958.00
9794458.00
9956750.00
11388166.00
8805375.00
10010584.00
9545417.00
9476542.00
9382042.00
11588875.00
9263792.00
21540042.00
12492833.00
9341125.00
9342042.00
9184209.00
10234958.00
10101292.00
12260833.00
10627250.00
14183375.00
9639417.00
9008292.00
10734584.00
9616584.00
10925125.00
9120875.00
11527375.00
9888667.00
9518750.00
9966916.00
10502583.00
11792542.00
9395208.00
10027584.00
9922250.00
8918916.00
11696333.00
11216209.00
10050167.00
10941041.00
10783375.00
9441459.00
9647792.00
9599750.00
11527375.00
10336625.00
10529708.00
8981000.00
10219958.00
10056000.00
11183917.00
9753958.00
12609250.00
9934458.00
9042042.00
8379000.00
10102834.00
9458750.00
9318083.00
9818834.00
9689417.00
12201625.00
9698417.00
9606417.00
8908750.00
9419917.00
10224250.00
12546208.00
11260166.00
12417625.00
11687000.00
12815875.00
9428500.00
9742167.00
11085125.00
11848834.00
11285584.00
10245125.00
9834542.00
11687500.00
11670625.00
10756500.00
12183584.00
10310500.00
9522750.00
12835625.00
10543334.00
10153583.00
11465375.00
10747125.00
9270916.00
9751041.00
9838625.00
11379958.00
10033167.00
9463000.00
10048250.00
11268583.00
11594500.00
9836083.00
11373917.00
12558208.00
11572084.00
10131958.00
11882667.00
12055208.00
11652500.00
11763041.00
55498958.00
10103542.00
12149917.00
12334041.00
12950417.00
11807125.00
10148166.00
9794541.00
13273875.00
14687667.00
8429000.00
9621084.00
10017042.00
9899208.00
11980125.00
13372333.00
35502875.00
10580750.00
11033542.00
11819000.00
10806625.00
10917334.00
14765917.00
8596333.00
11817208.00
9238834.00
12163917.00
11516583.00
9297209.00
9619333.00
10419292.00
10090833.00
9586208.00
9418084.00
11152959.00
9541541.00
11009833.00
8796584.00
12680167.00
11149417.00
21566000.00
12595917.00
11051458.00
11684667.00
9803292.00
14914417.00
13621083.00
10089750.00
10067542.00
12117875.00
9460916.00
12233042.00
12772833.00
10188042.00
10125292.00
12458834.00
11120041.00
9636083.00
12182667.00
12273583.00
10978709.00
11155125.00
10619334.00
11959125.00
14767458.00
12045584.00
10233750.00
10951916.00
11027958.00
11658542.00
12112000.00
9612166.00
11514458.00
