Throughput: 0.00 ops/sec
Latency Measurements (ns):
Throughput: 0.00 ops/sec
Latency Measurements (ns):
Throughput: 0.00 ops/sec
Latency Measurements (ns):
Throughput: 0.00 ops/sec
Latency Measurements (ns):
Throughput: 85.79 ops/sec
Latency Measurements (ns):
465750.00
766583.00
2291417.00
828375.00
686708.00
783625.00
437167.00
374458.00
534417.00
481833.00
523250.00
444666.00
291833.00
477709.00
331583.00
212917.00
390917.00
323250.00
368208.00
401500.00
256583.00
283500.00
205667.00
313416.00
209541.00
370958.00
143667.00
146708.00
458375.00
269500.00
528459.00
489750.00
564125.00
362958.00
467708.00
307959.00
598834.00
423750.00
437542.00
358750.00
359833.00
528791.00
398750.00
434459.00
413291.00
414959.00
622000.00
611666.00
442334.00
414500.00
626958.00
526834.00
431750.00
656000.00
203042.00
360958.00
583792.00
643750.00
611333.00
630958.00
539250.00
371708.00
631167.00
531500.00
639625.00
633708.00
511167.00
651750.00
672083.00
256209.00
340625.00
419042.00
685042.00
309792.00
645458.00
464292.00
685833.00
605542.00
761666.00
543292.00
766333.00
2222291.00
1821250.00
747125.00
719500.00
798541.00
648417.00
736333.00
832500.00
966959.00
458708.00
672042.00
779042.00
715375.00
838792.00
797750.00
563083.00
773167.00
810458.00
836292.00
865375.00
851209.00
711667.00
835916.00
857250.00
829875.00
808167.00
895334.00
785000.00
658792.00
780833.00
925166.00
1308334.00
1056583.00
832958.00
772792.00
836667.00
824125.00
790625.00
780292.00
769542.00
805875.00
816083.00
953417.00
865792.00
832833.00
1099667.00
847500.00
929209.00
912708.00
952417.00
888375.00
917916.00
903084.00
849250.00
1003250.00
873750.00
897833.00
1004875.00
870250.00
619459.00
607167.00
1468084.00
943875.00
Throughput: 0.00 ops/sec
Latency Measurements (ns):
Throughput: 0.00 ops/sec
Latency Measurements (ns):
Throughput: 0.00 ops/sec
Latency Measurements (ns):
633125.00
1064458.00
817375.00
710750.00
965709.00
1051583.00
993875.00
1146041.00
884084.00
928459.00
867875.00
778166.00
1082875.00
927458.00
888958.00
951208.00
891958.00
1073708.00
1315791.00
984958.00
799708.00
1192375.00
878750.00
1059000.00
1102500.00
1313292.00
981417.00
1243000.00
939875.00
1009083.00
1029125.00
1034166.00
977958.00
1141125.00
972084.00
1195250.00
1327958.00
1109833.00
879000.00
1160333.00
1043375.00
1023959.00
1203167.00
947083.00
1078208.00
1135542.00
1071458.00
1197750.00
1182583.00
1283041.00
1037125.00
1099167.00
1221750.00
1202875.00
1187625.00
1354666.00
1257584.00
1108334.00
1543667.00
1302500.00
1122917.00
1793667.00
1147583.00
1020208.00
1311750.00
983792.00
1219042.00
1280750.00
1236333.00
1674750.00
1089375.00
1108333.00
1297875.00
1074792.00
1109708.00
1475292.00
1029958.00
1427292.00
1211292.00
1261500.00
1091500.00
1204209.00
1409167.00
1544667.00
1317833.00
1243625.00
1209250.00
1192000.00
1169625.00
1187875.00
1041333.00
1258875.00
1144750.00
1186042.00
1415625.00
1191125.00
1216291.00
1697708.00
1236625.00
1981000.00
1298750.00
1439667.00
1459542.00
1308625.00
1318000.00
1407667.00
1123125.00
1549750.00
1276041.00
1408416.00
1251542.00
1349125.00
1634250.00
1137708.00
1673750.00
1434167.00
1330958.00
1351833.00
1480792.00
1362625.00
1344792.00
1678292.00
1441542.00
1304458.00
1363875.00
1457333.00
1487125.00
1284333.00
1196250.00
1151250.00
1060292.00
1402792.00
1281833.00
1850583.00
1475625.00
1447375.00
1500458.00
1438125.00
2306042.00
1497375.00
1678667.00
1352583.00
1347042.00
1559125.00
1338792.00
1470625.00
1180833.00
1215959.00
1688791.00
1305125.00
1553917.00
1259083.00
1428708.00
1170541.00
1532833.00
1269375.00
1151375.00
1190708.00
1595625.00
1546708.00
1428917.00
1448792.00
1554667.00
1135208.00
1112833.00
1934958.00
1231959.00
1660583.00
1506583.00
1540959.00
1372416.00
1281208.00
1218167.00
2323875.00
1523834.00
1785792.00
1924125.00
1253292.00
1923209.00
1645958.00
1355916.00
1680209.00
1530625.00
1678958.00
1483750.00
1762791.00
1425500.00
1627500.00
1349250.00
1536791.00
2220708.00
1631416.00
1498542.00
1554375.00
1403084.00
1804875.00
2207833.00
1290209.00
1917750.00
1707667.00
1502250.00
1869875.00
2045708.00
1912042.00
1498667.00
1493208.00
2157084.00
1529750.00
1689792.00
1646625.00
1766958.00
1632875.00
1612792.00
1609000.00
2012875.00
1968208.00
1720000.00
1590625.00
2193375.00
1587250.00
1607500.00
2183791.00
1557750.00
1990667.00
1710333.00
1748667.00
1656125.00
1585541.00
2070500.00
1622000.00
2095000.00
2104083.00
2761333.00
1618083.00
1832167.00
1619459.00
1569833.00
1796917.00
1622458.00
1895333.00
1623333.00
1978042.00
1360709.00
1400167.00
1853583.00
1538750.00
2524250.00
1627375.00
2371083.00
2365834.00
1714542.00
2106708.00
2252959.00
1708625.00
1646916.00
1693083.00
1963125.00
1841375.00
2178625.00
1708666.00
1552208.00
2551333.00
1516458.00
1901875.00
1579333.00
1554167.00
2161958.00
2282209.00
2115291.00
1589500.00
1430250.00
2172208.00
1931125.00
1800000.00
1753333.00
1733041.00
1793583.00
2483834.00
2450583.00
1740667.00
2965208.00
1865375.00
1579625.00
2509875.00
1707541.00
1997833.00
1838834.00
1842416.00
1437792.00
2269834.00
2133792.00
1561583.00
1685000.00
2027583.00
2433792.00
2108250.00
2672834.00
1851625.00
2509166.00
1839417.00
1844625.00
1923833.00
1913500.00
1833667.00
2216250.00
1815625.00
1611250.00
2239792.00
1609917.00
2315667.00
2101042.00
1803916.00
2026542.00
1932375.00
1465042.00
2562625.00
1935125.00
1980500.00
1882250.00
2240584.00
2320583.00
1973458.00
2568709.00
2421917.00
2410875.00
2929000.00
2449916.00
2387208.00
2037917.00
2071125.00
2067000.00
1836208.00
1750875.00
2183291.00
2089250.00
4802083.00
2235542.00
2163458.00
1852083.00
2824709.00
2184166.00
2116375.00
2275625.00
2082625.00
2675458.00
3089000.00
1927625.00
2299042.00
3676542.00
2982125.00
2829042.00
1869583.00
2604250.00
1986625.00
2225500.00
2162791.00
2288833.00
2276875.00
2348208.00
2927750.00
2132792.00
2363750.00
2465000.00
2207625.00
2865541.00
2514875.00
2107333.00
2834167.00
2075542.00
2153334.00
2148083.00
3554958.00
2064333.00
2271333.00
2189708.00
2567791.00
2257167.00
2524875.00
2190292.00
2479500.00
3074334.00
2259125.00
2751666.00
1713625.00
2384917.00
2363666.00
1998667.00
2141375.00
3099042.00
2470042.00
3440584.00
2266708.00
2266750.00
2221958.00
3772458.00
2194750.00
2269208.00
2891833.00
2229791.00
1989792.00
2232333.00
2452084.00
2424500.00
2090667.00
2218750.00
2169375.00
2190750.00
2202292.00
2279000.00
2624084.00
2875500.00
2368291.00
1682333.00
2344917.00
2783792.00
3099542.00
2933791.00
2171167.00
2223375.00
3548958.00
2849250.00
3091541.00
2405792.00
3043166.00
2328334.00
2014041.00
3172125.00
2570958.00
3327458.00
2684583.00
2684084.00
2461042.00
2703708.00
3596875.00
2850042.00
3199084.00
2752125.00
1904875.00
2952833.00
3187292.00
2507709.00
3026542.00
3349000.00
2827875.00
2899000.00
2023084.00
2263708.00
2337500.00
2650875.00
2134541.00
3044375.00
2476375.00
2814375.00
2509542.00
2618125.00
3005000.00
2285500.00
3429958.00
3529292.00
2662542.00
3396000.00
3347084.00
3235500.00
2552834.00
2341167.00
2150000.00
2715167.00
2445833.00
4265084.00
2563625.00
2443541.00
2234750.00
2613000.00
3151375.00
2808000.00
2477584.00
3443875.00
2802792.00
3049500.00
2604583.00
3740125.00
4953500.00
2869292.00
2687375.00
3136709.00
2634917.00
2586000.00
2536667.00
3521375.00
2552458.00
4447875.00
2863459.00
2532458.00
2497833.00
2956250.00
2458459.00
2454542.00
3370542.00
2955625.00
2152500.00
2335916.00
2504042.00
2757917.00
2975167.00
2825000.00
2518000.00
4007875.00
2519917.00
3418125.00
2702375.00
2129750.00
2795500.00
2813542.00
3294042.00
3600750.00
3732792.00
3547167.00
2887916.00
3877541.00
3855500.00
3243417.00
3102750.00
2618250.00
2519917.00
3367959.00
2514583.00
4061208.00
2896291.00
2853875.00
3682250.00
3395792.00
2934167.00
3158959.00
3360916.00
2837333.00
3256167.00
2807584.00
3567166.00
3027625.00
3747000.00
2827500.00
3476375.00
4015917.00
3029542.00
2265375.00
3186417.00
3594291.00
3465334.00
2764834.00
3540917.00
3879666.00
3561542.00
6640000.00
4793416.00
3669167.00
3510958.00
3093209.00
3790708.00
2609250.00
3599083.00
4246833.00
4137417.00
4298333.00
3880416.00
3159917.00
4244000.00
3019291.00
4062375.00
4282208.00
3682000.00
2603458.00
2290917.00
3289417.00
2803417.00
2625208.00
2763750.00
2974000.00
2944625.00
3454625.00
3214500.00
3231417.00
4612708.00
3918792.00
2493833.00
2798041.00
3752084.00
4138583.00
6314125.00
3747792.00
3651250.00
2922042.00
3567500.00
4263875.00
4198583.00
3860750.00
3602708.00
4051458.00
3805375.00
3036291.00
3966541.00
3670750.00
2375875.00
3035667.00
2955292.00
3509834.00
2950666.00
3802709.00
2869834.00
3169958.00
2900541.00
4066291.00
2927291.00
3880709.00
3123834.00
3004625.00
4488791.00
3941625.00
2885041.00
3772250.00
3886667.00
3164292.00
3933333.00
3944083.00
4251458.00
3628625.00
4020125.00
4245875.00
7666625.00
4271666.00
3401333.00
4182208.00
4233166.00
3142625.00
3373625.00
2752708.00
4003958.00
3060333.00
2613417.00
4055458.00
4262333.00
4240416.00
3020834.00
3123583.00
4260750.00
3268792.00
2716708.00
2851458.00
4369667.00
4233875.00
2979375.00
3029083.00
3496500.00
3989375.00
4154583.00
4211000.00
3035916.00
3966542.00
3793083.00
4189667.00
2905583.00
3217000.00
4132917.00
4075708.00
3913667.00
4195625.00
4534459.00
4323750.00
4427291.00
3970625.00
3995791.00
3391250.00
4372916.00
3985792.00
3067208.00
3853458.00
2997209.00
4267834.00
3148500.00
4034375.00
3562917.00
3162125.00
4293083.00
3810750.00
2691042.00
4422208.00
3414125.00
3601667.00
3753083.00
4588458.00
4401125.00
3010791.00
4784625.00
4294125.00
3166958.00
3944750.00
2589625.00
3503000.00
3921458.00
3516208.00
3738042.00
4448917.00
3614584.00
4450583.00
4520334.00
3258666.00
3259042.00
4520042.00
3360500.00
3481625.00
4186250.00
4315709.00
3381375.00
3845708.00
3146334.00
3786209.00
3189167.00
3412375.00
3565500.00
4608250.00
4064459.00
4193500.00
4075125.00
3541000.00
4346041.00
4125125.00
3421166.00
2625834.00
4179209.00
4359708.00
3047833.00
3368416.00
4367292.00
4200208.00
3283667.00
3421083.00
3054542.00
4266250.00
4305416.00
4643458.00
4740375.00
3317292.00
3260875.00
4480875.00
3921792.00
5014959.00
3411917.00
4845584.00
4547875.00
3873291.00
3140375.00
3624209.00
3308292.00
4620000.00
4460709.00
2790208.00
3689875.00
3416542.00
4126959.00
4520541.00
4546334.00
4500625.00
3353416.00
5064917.00
3321791.00
3427750.00
4472583.00
3524333.00
3251625.00
4290750.00
3651167.00
4845959.00
3684209.00
4399833.00
3439000.00
3499375.00
4611250.00
4900292.00
4236500.00
4089959.00
4582709.00
3631000.00
3328584.00
3361416.00
3702125.00
3382458.00
3175125.00
5104917.00
3542583.00
4563750.00
5076666.00
4001833.00
2668416.00
3134833.00
4290584.00
3379459.00
4440167.00
4692042.00
4802958.00
5158583.00
4434875.00
3197542.00
4446541.00
4195333.00
4481875.00
4579458.00
3732875.00
3515416.00
3653416.00
5103458.00
4616333.00
5161459.00
3410625.00
5277792.00
5206250.00
4753208.00
3572333.00
4396375.00
4852417.00
3862375.00
3599250.00
4815000.00
5808583.00
4886334.00
5026166.00
4184792.00
3518500.00
5695375.00
6292542.00
3857000.00
4641083.00
4903916.00
4932083.00
4212000.00
4307250.00
4992250.00
3507000.00
3938417.00
3497417.00
4263208.00
6039583.00
21773959.00
5626375.00
3247209.00
3138708.00
4137084.00
3955833.00
3414208.00
3925792.00
4478916.00
3884708.00
4085916.00
3730083.00
3029125.00
5462708.00
3545250.00
3674292.00
3324292.00
4729709.00
4153000.00
3947750.00
4114667.00
3316875.00
3825792.00
3466916.00
3887625.00
5425042.00
25952583.00
7982875.00
4621917.00
4201125.00
4934958.00
5730916.00
5117792.00
3700459.00
5018542.00
5347416.00
6716292.00
3831458.00
4593584.00
4563625.00
7879542.00
3930167.00
3973875.00
4188917.00
7175958.00
4289917.00
6480792.00
3639917.00
4351084.00
4003666.00
4318792.00
4547958.00
5953500.00
4114292.00
4158167.00
5329833.00
3850000.00
4450458.00
3227625.00
3920792.00
3429750.00
7219833.00
22642875.00
5469500.00
3426458.00
4013083.00
5034958.00
4479292.00
3315875.00
4479375.00
4879250.00
3986709.00
5822625.00
4227709.00
4802208.00
5723500.00
3683208.00
5698333.00
4063750.00
5173000.00
3933334.00
4767375.00
3542167.00
4774708.00
5031875.00
4395334.00
4591834.00
4220500.00
5484000.00
6944917.00
5761625.00
5398667.00
5513500.00
4026375.00
4530458.00
4429167.00
6114166.00
6031541.00
4900917.00
4164041.00
5966833.00
6611458.00
6429958.00
5795209.00
5902750.00
4090583.00
5194209.00
4176541.00
4063250.00
4482541.00
3619667.00
4254541.00
5747792.00
4481500.00
4233792.00
4358750.00
4066583.00
4238417.00
5564208.00
5914417.00
4262708.00
3838834.00
5013167.00
4804208.00
4144917.00
5044917.00
5910250.00
5664166.00
4353833.00
5482875.00
4025459.00
5628041.00
5518459.00
4932542.00
4244375.00
4109209.00
5424833.00
7217125.00
3323917.00
5391208.00
4447959.00
4354792.00
5664250.00
4892209.00
4875000.00
4895375.00
3655083.00
4127708.00
4178875.00
4356750.00
6141250.00
5491791.00
4785584.00
4607042.00
4994459.00
4219667.00
3812833.00
6375167.00
6187417.00
5258875.00
5742833.00
4571417.00
3496917.00
3818667.00
4067292.00
3966916.00
5773000.00
4648417.00
5942500.00
6387459.00
6223125.00
4719209.00
5334208.00
5785917.00
4158500.00
5688250.00
4417500.00
4401959.00
6042125.00
3868959.00
3967000.00
6851958.00
5295792.00
5978916.00
5237209.00
4550625.00
4170708.00
3998083.00
4083333.00
6478334.00
5617167.00
4084083.00
4874375.00
3993333.00
4411416.00
6626958.00
6264583.00
6093209.00
5775083.00
4479417.00
5279916.00
4174209.00
5763292.00
5763083.00
4098250.00
6940459.00
5410667.00
4992750.00
Throughput: 87.18 ops/sec
4813125.00
Latency Measurements (ns):
3868291.00
818542.00
4557792.00
1076583.00
5391500.00
2147958.00
6273916.00
1643458.00
4655833.00
5806042.00
748208.00
4379000.00
711875.00
6338542.00
763334.00
5932459.00
606792.00
6271625.00
496916.00
4782792.00
579250.00
5790250.00
518667.00
6017791.00
440750.00
6106459.00
636000.00
6285000.00
653208.00
4898333.00
568792.00
33447875.00
553959.00
3920625.00
471875.00
6677791.00
293042.00
6849292.00
131792.00
4723125.00
6013375.00
492333.00
5098417.00
176625.00
7161666.00
411375.00
5954833.00
581750.00
4297000.00
510375.00
6232417.00
441541.00
86743167.00
518625.00
4457083.00
587208.00
5620292.00
556584.00
4299167.00
525875.00
6767959.00
3959584.00
457291.00
7224375.00
6669125.00
570292.00
4277833.00
231042.00
584625.00
250666.00
297500.00
471834.00
542167.00
570583.00
583625.00
458791.00
704916.00
730750.00
590500.00
580250.00
619083.00
619792.00
405167.00
4652459.00
670000.00
638541.00
618167.00
665875.00
502042.00
5802292.00
362083.00
526875.00
405459.00
617500.00
456958.00
641458.00
724625.00
4964875.00
614709.00
6429417.00
653083.00
3909250.00
546833.00
4668333.00
502709.00
4253000.00
662708.00
6233792.00
567791.00
4521208.00
639708.00
6321584.00
678042.00
6774417.00
667625.00
3931750.00
406542.00
5152166.00
308542.00
4026584.00
703792.00
6306458.00
554334.00
6828500.00
732166.00
6058584.00
755875.00
6132208.00
759375.00
4823291.00
876833.00
6048417.00
816292.00
4857958.00
1222500.00
5905959.00
743500.00
6443291.00
4574417.00
4304750.00
2131416.00
6670541.00
714250.00
5053000.00
945417.00
3885167.00
838625.00
6718709.00
875750.00
7141125.00
758250.00
4124833.00
739500.00
4983084.00
712708.00
4056333.00
744083.00
4817709.00
534166.00
4831166.00
873917.00
6062833.00
714750.00
6692083.00
760291.00
5640625.00
602500.00
4414375.00
730500.00
4373875.00
716500.00
4043292.00
782208.00
7135000.00
886042.00
6918084.00
787750.00
6531167.00
769041.00
4900375.00
773083.00
4398000.00
664084.00
6399250.00
1117083.00
4531708.00
762458.00
4549083.00
715542.00
6633000.00
616625.00
6486000.00
1160584.00
4658334.00
955833.00
4963500.00
935416.00
6879917.00
801542.00
4134667.00
1060208.00
6032334.00
1047875.00
6723584.00
1034542.00
5534000.00
1017625.00
4276708.00
802667.00
778250.00
444209.00
882833.00
740416.00
859458.00
825959.00
901458.00
873417.00
893125.00
836792.00
730333.00
815875.00
899042.00
1044959.00
876208.00
837458.00
753041.00
615125.00
749708.00
893833.00
997625.00
955459.00
930042.00
888292.00
979667.00
908084.00
815958.00
979917.00
1453666.00
1467125.00
898375.00
943792.00
880375.00
906125.00
968583.00
1269083.00
821500.00
1055125.00
949084.00
1062875.00
1024042.00
1070125.00
1104583.00
809833.00
997833.00
970542.00
932750.00
1055458.00
907250.00
1036167.00
1045334.00
867750.00
1155166.00
1049167.00
891292.00
808458.00
1047541.00
1015709.00
1025459.00
1036417.00
1140583.00
986292.00
1027875.00
1152250.00
995250.00
1201209.00
955917.00
983375.00
973083.00
1024375.00
1072625.00
1038458.00
1200917.00
1146125.00
1044667.00
1225625.00
1202750.00
1200834.00
1512459.00
1010959.00
1042541.00
1082292.00
1028500.00
1337500.00
1083167.00
1138542.00
1165375.00
1249917.00
1126375.00
1120584.00
1148375.00
1126125.00
1463083.00
1315167.00
1393000.00
1055333.00
767750.00
1195708.00
1296833.00
882875.00
1317083.00
1284667.00
1068916.00
1218375.00
1552458.00
1486209.00
1327541.00
1196416.00
1088416.00
1192791.00
1162792.00
1258875.00
1200875.00
1224833.00
1285541.00
1369208.00
1263333.00
1174375.00
1206250.00
1296416.00
974125.00
1419583.00
1249459.00
1237417.00
1826791.00
1245250.00
1421500.00
1197375.00
1811959.00
1360000.00
1335333.00
1125750.00
1368417.00
1263792.00
1261542.00
1383000.00
1333208.00
1348333.00
1388750.00
1315333.00
1573291.00
1447375.00
1258750.00
1420500.00
1316542.00
1298541.00
1238042.00
1473833.00
1369708.00
1398000.00
1803250.00
1501334.00
1390250.00
1524709.00
1280042.00
1445542.00
1315416.00
1273917.00
1349959.00
1309000.00
956209.00
1135750.00
1363167.00
1850583.00
1409209.00
1484333.00
1235250.00
1623209.00
1422250.00
1562958.00
1334750.00
3521291.00
1440666.00
1423709.00
1421167.00
1437542.00
1856583.00
1419250.00
1607625.00
1788708.00
1257334.00
1267209.00
1308583.00
1971834.00
1565791.00
1540042.00
1484250.00
1495667.00
1482833.00
2083291.00
1393042.00
1799292.00
1598083.00
1308792.00
1397166.00
2121666.00
1587792.00
1554792.00
1945750.00
1550625.00
1446917.00
1441084.00
1268042.00
1620917.00
1485375.00
1442000.00
1543666.00
1664334.00
2107958.00
1565833.00
1564791.00
1450333.00
1411208.00
1595042.00
2008125.00
1654542.00
1602958.00
1412917.00
1578667.00
1500583.00
2225417.00
1588459.00
1586791.00
1604333.00
1980250.00
1691625.00
1548375.00
1616333.00
1755792.00
1355500.00
1994334.00
2043583.00
1605833.00
2068708.00
2246083.00
1486375.00
2069292.00
1926667.00
1341208.00
2044042.00
1638042.00
1686541.00
1701583.00
1545625.00
2097625.00
1779333.00
1945000.00
1586375.00
1585708.00
2067917.00
1620000.00
1951291.00
2374875.00
2110792.00
1707208.00
1592917.00
1659750.00
1696125.00
1590416.00
1576833.00
1654666.00
1726375.00
1756667.00
1786625.00
1577208.00
1763375.00
1642583.00
1530167.00
1669833.00
2122000.00
1637541.00
2160291.00
1761292.00
1832500.00
1718750.00
1553416.00
2187375.00
1891083.00
1791166.00
1688458.00
1569958.00
1819666.00
2353208.00
1702667.00
2466041.00
2402292.00
2174708.00
1630000.00
1840583.00
2031250.00
2041500.00
2287667.00
1934375.00
1730375.00
1790042.00
1813125.00
1956000.00
1806166.00
2356209.00
1589500.00
1556541.00
1415583.00
1303708.00
1827250.00
1483500.00
1651375.00
1754375.00
2491125.00
2066125.00
1717125.00
1646083.00
2427834.00
2593708.00
1864500.00
1899459.00
2036083.00
2266000.00
1708542.00
1646833.00
2365042.00
1688083.00
2045250.00
2784417.00
2003083.00
2420583.00
1560291.00
1846125.00
2449209.00
1734667.00
1875084.00
2176334.00
1757042.00
2537250.00
2500209.00
2473084.00
1827250.00
2333791.00
1825792.00
2500125.00
2498417.00
1948584.00
2141417.00
1518459.00
1795500.00
2017875.00
1830792.00
1873750.00
2584875.00
2411292.00
2421542.00
1910584.00
1937584.00
2019625.00
1503125.00
1993334.00
2142708.00
1944042.00
1842792.00
2489000.00
2133042.00
3373792.00
2811083.00
2010209.00
1887584.00
1897917.00
2693833.00
1882833.00
2007250.00
1933708.00
2483375.00
2088792.00
2017250.00
2820333.00
2744291.00
1901875.00
2628291.00
2097750.00
2082875.00
2129041.00
2009958.00
2376959.00
2151375.00
1803333.00
2830958.00
3285125.00
2196458.00
2904833.00
2576500.00
2669750.00
2181333.00
2121834.00
2478084.00
2010042.00
2905917.00
3352958.00
2509041.00
3142583.00
2032125.00
3294209.00
2104166.00
2739417.00
2144709.00
2938000.00
2932709.00
2451917.00
2923625.00
2663750.00
3118833.00
2715084.00
2317000.00
2931041.00
2843541.00
2462500.00
3329292.00
2276959.00
1732625.00
2590250.00
3081000.00
2762250.00
2128125.00
3024083.00
2418083.00
2437208.00
2740833.00
2436000.00
2211958.00
2399667.00
2546333.00
2486750.00
2694458.00
2305875.00
2900125.00
2212542.00
2380459.00
2334000.00
3134125.00
2145167.00
2874625.00
2966667.00
3101041.00
2320333.00
2367625.00
2302875.00
2346041.00
2482750.00
2334833.00
2038500.00
3105542.00
2198375.00
2521125.00
1937292.00
2349709.00
2067084.00
1919500.00
3225916.00
3050958.00
2733208.00
2421083.00
2243292.00
2260917.00
2903959.00
3473750.00
2330458.00
2176208.00
2835833.00
2524541.00
2848625.00
2648875.00
2346958.00
3227708.00
3102125.00
2722833.00
3471083.00
2448708.00
3353458.00
2035875.00
2977792.00
2334250.00
3087375.00
2856791.00
2423458.00
2006834.00
3833959.00
2387333.00
2822041.00
2669709.00
2775250.00
1984666.00
2798125.00
3724083.00
2308959.00
2821958.00
2631375.00
2940083.00
2611792.00
3202084.00
3601958.00
2666417.00
3331250.00
3419333.00
3647291.00
2217250.00
2799084.00
4318042.00
3135417.00
2389750.00
3066917.00
2921167.00
2647334.00
2674125.00
2925542.00
2605459.00
2996708.00
3028584.00
2408000.00
2702042.00
3113000.00
2163791.00
2762750.00
3266292.00
2530541.00
2269417.00
3271500.00
3232084.00
2902166.00
3200334.00
3261792.00
2687959.00
3555541.00
2568167.00
3317791.00
3055708.00
2406459.00
4040333.00
2593000.00
4044042.00
2127292.00
2848500.00
4191125.00
2875959.00
2540750.00
2112917.00
3366000.00
3147584.00
2678833.00
2877667.00
3621500.00
2773541.00
3306916.00
3079459.00
4022916.00
2719667.00
3411166.00
3310083.00
2612083.00
2530125.00
3694042.00
3337334.00
3460917.00
4079750.00
2598167.00
2622667.00
3736417.00
2201917.00
3896583.00
3938667.00
3884542.00
3375583.00
3014000.00
2781917.00
3010458.00
3493000.00
2747542.00
2606291.00
2589916.00
2608417.00
2941583.00
3037292.00
4290875.00
3795458.00
3456667.00
2552667.00
2791292.00
2697875.00
3678500.00
2751250.00
2170000.00
4496625.00
2684042.00
2813375.00
3651875.00
4747792.00
4380292.00
33885541.00
2920750.00
3310167.00
3750000.00
3600500.00
3049417.00
3846750.00
2601792.00
3525875.00
2842458.00
5593584.00
3671667.00
2798375.00
4347250.00
3635458.00
2994500.00
2945792.00
2831833.00
3993958.00
2971459.00
2825291.00
3105917.00
2642167.00
3932250.00
4085750.00
3661292.00
3475292.00
4790708.00
3683583.00
3994458.00
2780750.00
3487667.00
3516916.00
3856166.00
4455541.00
2338000.00
3430208.00
4381334.00
4261125.00
5397125.00
4253875.00
3867625.00
3855709.00
4007708.00
3131791.00
3732375.00
2116959.00
3926875.00
3597583.00
3198083.00
2749875.00
2262208.00
2673208.00
2908417.00
3068959.00
3434500.00
2998125.00
4142875.00
3738500.00
2965959.00
3813125.00
3193625.00
3223792.00
4055958.00
4179083.00
3415750.00
2863166.00
3041041.00
3188750.00
2858833.00
2651416.00
3618417.00
3024667.00
2671833.00
4052375.00
3958958.00
4540542.00
4117750.00
4008084.00
3472500.00
2952209.00
3305292.00
4101542.00
4337292.00
4264458.00
4178625.00
3124084.00
2914458.00
3911083.00
3115917.00
2791292.00
3246083.00
4142042.00
3801792.00
4196875.00
3135958.00
3139250.00
3885292.00
4136083.00
3205792.00
3780292.00
3233375.00
4157250.00
4762042.00
2776750.00
3705959.00
3922125.00
4108333.00
4122084.00
3971042.00
2920750.00
3727500.00
6112500.00
4210083.00
3447042.00
3239500.00
2868958.00
3634375.00
3707458.00
3068792.00
3717542.00
3752417.00
4298125.00
2874333.00
3256958.00
4077041.00
4302833.00
3005541.00
3469875.00
4110042.00
2992375.00
3198583.00
4517125.00
3921417.00
3319917.00
2719958.00
2969833.00
4133083.00
3084208.00
3299084.00
2675917.00
3986708.00
3922459.00
4625291.00
3254542.00
5098292.00
4347417.00
4209417.00
3566750.00
2980334.00
4410500.00
4468917.00
4114791.00
3377917.00
3234042.00
3195042.00
3667667.00
4541833.00
4456334.00
2930250.00
3369708.00
3152959.00
4689084.00
3424250.00
3305292.00
3233250.00
2881208.00
4350541.00
3917583.00
5530916.00
2934375.00
4380708.00
3151166.00
4213625.00
3092500.00
4370334.00
3752708.00
5110625.00
4341916.00
4673333.00
3704875.00
4656958.00
4702583.00
3779917.00
3288208.00
2981458.00
4178542.00
5641875.00
4098625.00
4471209.00
4630583.00
3260792.00
4212334.00
3864666.00
4111125.00
2936291.00
3257208.00
3574333.00
4131584.00
4144917.00
3310667.00
4449417.00
4858292.00
3056167.00
3089000.00
4293208.00
4826792.00
3120125.00
4400916.00
3606750.00
4235083.00
4817584.00
3322458.00
3392167.00
3436708.00
3275125.00
4648042.00
3123625.00
3755917.00
3954083.00
4249792.00
2894750.00
4629625.00
5225625.00
3608750.00
3813333.00
5014000.00
4468250.00
5032958.00
4157083.00
3686416.00
3699000.00
3999625.00
3680875.00
4617833.00
3490292.00
3898584.00
2923625.00
3615958.00
5725833.00
4682292.00
4322042.00
3613708.00
4581375.00
4506084.00
4545625.00
4714000.00
4117208.00
5386917.00
4285750.00
4790291.00
3431625.00
5389208.00
4628792.00
3592875.00
3355416.00
2944125.00
3111625.00
4977958.00
5373333.00
3022042.00
5136833.00
4390875.00
2849500.00
3552834.00
4585000.00
4169750.00
4502125.00
3205417.00
4408333.00
4649667.00
7030792.00
6393000.00
3272625.00
4668875.00
5786416.00
5076250.00
5467041.00
3442750.00
3747292.00
3986667.00
4308000.00
3367250.00
3925000.00
5721875.00
7692333.00
5939041.00
6147458.00
39262500.00
10964209.00
4047625.00
5169500.00
3515917.00
4135917.00
4107292.00
4811000.00
5456208.00
4208625.00
5136084.00
4509000.00
3889292.00
4744083.00
4494208.00
4037041.00
4665750.00
4147459.00
4817459.00
3585458.00
4281125.00
5629625.00
4443083.00
5463583.00
4094584.00
4351292.00
9180250.00
5083292.00
4839209.00
4620291.00
3465250.00
6366833.00
6591167.00
5224500.00
5500042.00
3814875.00
3896292.00
3934834.00
4023916.00
5722084.00
5209917.00
4937208.00
4702000.00
5554500.00
3453292.00
4390041.00
3854875.00
5353125.00
4945709.00
4836000.00
5293125.00
5348583.00
5777500.00
4454917.00
3787958.00
4568541.00
4491625.00
3597833.00
3946958.00
4460042.00
4043375.00
4360875.00
6412667.00
4675083.00
4374208.00
4952791.00
4398833.00
3915167.00
7021709.00
23850459.00
5608959.00
5438584.00
4614792.00
4013875.00
4362959.00
3943916.00
5244083.00
5688333.00
4151834.00
5225250.00
3945000.00
5844959.00
5751958.00
5073709.00
5887833.00
5812333.00
3375292.00
4124292.00
3350459.00
4040791.00
6409875.00
3708416.00
4144542.00
3935958.00
5330834.00
4003334.00
4599792.00
5276125.00
4534833.00
4895000.00
3410625.00
5798000.00
5743875.00
3548250.00
4127750.00
3841958.00
3691625.00
4846209.00
12116458.00
4146875.00
4025500.00
6356042.00
3941167.00
3767750.00
4241792.00
5367542.00
5538250.00
4051583.00
6018166.00
5786167.00
5375625.00
4389042.00
4729833.00
4505834.00
5003834.00
5046292.00
3652167.00
4678291.00
4066792.00
5554084.00
4302250.00
3442792.00
5112000.00
5802083.00
4094750.00
4938375.00
3865916.00
4279000.00
5992667.00
5325625.00
4415125.00
4984291.00
5732500.00
4213042.00
6096084.00
5919666.00
4068584.00
6293375.00
6169666.00
6129875.00
4350583.00
4260000.00
5856667.00
3966917.00
3988041.00
5919792.00
4985125.00
3662959.00
7026791.00
5772959.00
4237875.00
6073166.00
5890000.00
5247500.00
5376500.00
5781500.00
3756042.00
6144083.00
4616500.00
3761458.00
6017375.00
3436625.00
6400041.00
4808083.00
3831667.00
4772166.00
3791667.00
5919208.00
6646791.00
4623833.00
4478291.00
4763833.00
5083958.00
4168000.00
4642875.00
6303208.00
6572292.00
4410333.00
4576667.00
4087209.00
6458500.00
5517084.00
5309958.00
5768625.00
5502083.00
6935542.00
5623959.00
4949333.00
4332041.00
4898625.00
5621584.00
6220167.00
4938167.00
4639334.00
4379750.00
4474084.00
4692209.00
6644083.00
4738583.00
4528167.00
4832167.00
6316584.00
6028000.00
7191292.00
6305583.00
6366250.00
5686125.00
3942000.00
4449125.00
4807125.00
4333541.00
6423500.00
6500291.00
4361167.00
4278500.00
6344583.00
4468833.00
5986542.00
4450250.00
5868625.00
5494875.00
6221000.00
3758542.00
6238959.00
4709625.00
4515625.00
4328834.00
4421833.00
5944417.00
4679917.00
5662250.00
6114750.00
5991708.00
4954833.00
6114792.00
5137000.00
5653750.00
5340750.00
4422458.00
5991750.00
4355208.00
4280208.00
5040041.00
6659500.00
5997375.00
6902584.00
8092750.00
6590792.00
4923958.00
5974459.00
5840958.00
5358125.00
6590250.00
5654709.00
4765917.00
4852000.00
4384458.00
5088250.00
5239291.00
4504250.00
4373125.00
5919500.00
6963917.00
3912791.00
6090583.00
4299917.00
5965583.00
5457250.00
4041875.00
5072833.00
5061375.00
6836834.00
5256875.00
4727417.00
5207750.00
4489875.00
6787708.00
7330416.00
4791000.00
6541750.00
6878292.00
6300083.00
6113083.00
6215083.00
6942750.00
6146125.00
5321334.00
5127667.00
5617167.00
4327916.00
6665000.00
4779916.00
4617709.00
4779791.00
6211875.00
7796375.00
6677708.00
6753458.00
7108500.00
4740583.00
4642917.00
5251916.00
Throughput: 0.00 ops/sec
Latency Measurements (ns):
Throughput: 59.70 ops/sec
Throughput: 0.00 ops/sec
Latency Measurements (ns):
Throughput: 0.00 ops/sec
Latency Measurements (ns):
Latency Measurements (ns):
6886125.00
7645125.00
6682334.00
6029334.00
Throughput: 59.33 ops/sec
4187750.00
Latency Measurements (ns):
5834541.00
6390000.00
7006792.00
5316083.00
5936625.00
6729500.00
Throughput: 0.00 ops/sec
6939084.00
Latency Measurements (ns):
6689875.00
4361333.00
4367250.00
4531833.00
4537875.00
5785875.00
7093334.00
5625792.00
5394083.00
4948291.00
7008000.00
5591250.00
6572333.00
10126709.00
5108375.00
6088458.00
6314375.00
6380458.00
4674334.00
5225166.00
7544917.00
6678584.00
6538625.00
5089708.00
4171958.00
6749750.00
7033458.00
4895542.00
4962583.00
5957750.00
7521542.00
6804583.00
5491458.00
8982709.00
5735083.00
6573458.00
6422291.00
7544916.00
5005833.00
5886125.00
6455792.00
5292250.00
7323708.00
9258750.00
5180625.00
6944458.00
8735583.00
6176416.00
6422458.00
6102750.00
4991583.00
7745125.00
7977792.00
5041250.00
6435292.00
5971667.00
6406500.00
4665625.00
4901334.00
4430250.00
5362166.00
6547625.00
6062667.00
4680042.00
5189458.00
6891708.00
7386542.00
6421750.00
4684500.00
5123708.00
8271500.00
6419500.00
4841750.00
7037500.00
5376916.00
4744959.00
7537291.00
4853333.00
5123667.00
7244459.00
5094292.00
4513583.00
6687917.00
6421875.00
6407792.00
7386917.00
5242125.00
6593500.00
4812875.00
6928750.00
4818083.00
7416750.00
4182708.00
6937292.00
6900041.00
6154000.00
5231333.00
5672417.00
6601542.00
6642541.00
5034750.00
6940708.00
5490625.00
5672750.00
7123083.00
7063917.00
6713041.00
6315458.00
5994250.00
6458541.00
6884375.00
5106209.00
5090416.00
4880583.00
5167584.00
7127125.00
4584292.00
5426292.00
6897875.00
5719958.00
7558542.00
5007083.00
6639958.00
5423750.00
5264791.00
4972000.00
4863709.00
5281417.00
6588958.00
4636750.00
5739875.00
6388792.00
7585542.00
6574750.00
4463042.00
7788875.00
4778959.00
5027042.00
5750375.00
4973459.00
4798709.00
7226125.00
4314666.00
5409167.00
6014709.00
7093542.00
6465834.00
6145625.00
6964250.00
6094333.00
4411500.00
5061541.00
5458583.00
5047375.00
6124417.00
6523333.00
7308416.00
7954083.00
6285625.00
7461666.00
6034708.00
5565375.00
5033709.00
4461333.00
4362791.00
7021208.00
6417125.00
5878500.00
Throughput: 0.00 ops/sec
4669625.00
Latency Measurements (ns):
7074000.00
5695000.00
5610584.00
6846291.00
4916125.00
7545833.00
6039666.00
Throughput: 0.00 ops/sec
5362125.00
Latency Measurements (ns):
7052167.00
6981291.00
4990833.00
5038250.00
7369917.00
6269791.00
7276500.00
6838459.00
5809667.00
5202583.00
7320542.00
3994250.00
Throughput: 0.00 ops/sec
6827917.00
Latency Measurements (ns):
6565834.00
4904542.00
5217000.00
7236875.00
4630667.00
6656542.00
6736916.00
7469459.00
6440833.00
4975916.00
7365500.00
5477666.00
5145000.00
6655208.00
7002292.00
7561416.00
7956166.00
7354083.00
4940667.00
5814208.00
5851958.00
7235208.00
5337084.00
6170500.00
8952250.00
7560791.00
8321125.00
6510542.00
5442291.00
10057833.00
6637792.00
6994250.00
5384125.00
6017125.00
5646125.00
5837708.00
6681000.00
7053625.00
7199375.00
6494834.00
5089125.00
7410334.00
6771250.00
4626625.00
5476708.00
4851333.00
6422583.00
5770458.00
5897917.00
8368291.00
6466334.00
7463542.00
7420042.00
8022959.00
8985500.00
5511458.00
6498917.00
4739625.00
6343042.00
4508625.00
4685083.00
7218000.00
6618833.00
8377333.00
4723792.00
7649708.00
6751875.00
5754209.00
5669584.00
8009791.00
5392666.00
5729000.00
7714750.00
6467042.00
5274667.00
6820250.00
5707750.00
7356833.00
7160375.00
5016084.00
6006333.00
6614166.00
7321625.00
5774083.00
5785916.00
7883458.00
7456500.00
4726375.00
9508167.00
5381875.00
5424666.00
5747333.00
5929250.00
4582208.00
5690666.00
8019625.00
7187417.00
7975208.00
5639541.00
7671584.00
6828917.00
6821083.00
7234958.00
7363875.00
7216666.00
5148541.00
7051625.00
6521333.00
4967917.00
4299083.00
5655542.00
4703666.00
7114958.00
5298959.00
6931250.00
6225333.00
5971042.00
7910000.00
6526250.00
7684542.00
7884708.00
6390250.00
4939625.00
5000709.00
7922208.00
6972750.00
6429083.00
7258667.00
7025666.00
7158875.00
8231416.00
5747500.00
5751792.00
6169292.00
4849125.00
4928166.00
5142458.00
4986833.00
5887583.00
8420959.00
7360375.00
4740042.00
7941917.00
7006875.00
7912958.00
7572583.00
7115958.00
7712667.00
7097917.00
5628667.00
8970667.00
6889334.00
4351542.00
6247666.00
6625291.00
5517875.00
5832542.00
7243167.00
7813542.00
5202500.00
5185292.00
5492167.00
5381708.00
5645750.00
7253250.00
5445791.00
4799833.00
6165667.00
7566375.00
8262083.00
6971375.00
8306167.00
7360834.00
6252583.00
7554375.00
6710875.00
5435375.00
4822042.00
5923833.00
5069750.00
5076500.00
7939041.00
4753083.00
5672708.00
7408125.00
7624250.00
6418792.00
8217291.00
6378958.00
6752250.00
5880125.00
5785084.00
5727875.00
5848667.00
4745375.00
5457041.00
7600334.00
5727542.00
5635459.00
5846583.00
6366250.00
5504625.00
5317125.00
5263166.00
6322042.00
7456250.00
5938500.00
5280375.00
7954167.00
7066917.00
5155875.00
7951500.00
7252625.00
5912959.00
5280125.00
5980375.00
5371917.00
7790833.00
6160500.00
5484125.00
6803583.00
8137541.00
5517709.00
7537375.00
5544625.00
6975000.00
7385333.00
7567166.00
5040375.00
7091250.00
7264625.00
6975417.00
7340459.00
8154667.00
6407292.00
7385000.00
6529667.00
5386834.00
7450166.00
7091583.00
5851875.00
7299583.00
8325458.00
6240375.00
5850250.00
5363916.00
5123292.00
7219708.00
6683833.00
6338625.00
8165416.00
6816625.00
7524625.00
7403084.00
7882125.00
6152292.00
5844041.00
5568833.00
7426417.00
7162958.00
5963458.00
6518708.00
8159959.00
8364334.00
5518667.00
7994791.00
6709208.00
7296500.00
5635125.00
7575000.00
8217542.00
6725916.00
6824709.00
6147833.00
5417583.00
5811708.00
7534500.00
7412334.00
4770291.00
6073709.00
6658000.00
7259167.00
8542583.00
5781875.00
6851166.00
5144042.00
7254750.00
6665167.00
7995542.00
6729458.00
7565917.00
5204792.00
7402792.00
6085541.00
7003334.00
5294833.00
5494125.00
5315541.00
5818958.00
6527000.00
5419791.00
6830625.00
6143459.00
8124875.00
6233875.00
7035709.00
7249250.00
8055709.00
5783500.00
7400875.00
5777708.00
6518875.00
5004000.00
6902667.00
5785208.00
11356583.00
8306708.00
5936875.00
6602958.00
5966584.00
5405000.00
7981625.00
8435042.00
8991791.00
6132292.00
5777500.00
8067541.00
8042875.00
6171417.00
6402459.00
5686625.00
5625166.00
7966958.00
5159125.00
7978792.00
6451125.00
7481875.00
8563917.00
8884000.00
5612166.00
6921375.00
7471167.00
7264750.00
7809417.00
9224792.00
5062709.00
8563209.00
6647000.00
24788125.00
6979500.00
26633333.00
4926958.00
6209792.00
5505750.00
6963792.00
8334250.00
6876042.00
7130209.00
6748417.00
8333500.00
6187375.00
7112625.00
7004000.00
8563791.00
6563042.00
5448542.00
7773250.00
6161875.00
7960208.00
5709625.00
4707416.00
5900208.00
8284292.00
5999625.00
7891667.00
6444917.00
6149167.00
8373708.00
8319834.00
7821333.00
6382125.00
8928333.00
7828042.00
5623125.00
7894333.00
6795416.00
5954916.00
8672791.00
6747625.00
8276167.00
6507709.00
6449292.00
5524667.00
8229709.00
5243292.00
5561833.00
7146083.00
5613917.00
5320583.00
9093625.00
5843875.00
7487583.00
6938958.00
5209375.00
7972583.00
6797833.00
7760542.00
7318625.00
5886916.00
5972500.00
5282709.00
6015542.00
5602709.00
8750541.00
7555958.00
4976500.00
6348209.00
6265959.00
6450542.00
8410583.00
5951916.00
7597958.00
6991292.00
5781708.00
6459417.00
8477791.00
7544042.00
7619000.00
6075833.00
6002042.00
8449375.00
6883417.00
5206917.00
8586542.00
5787666.00
7054125.00
7759959.00
5057083.00
5913791.00
7090500.00
6004792.00
5852084.00
7827792.00
5422042.00
5468917.00
7436625.00
8692125.00
6445542.00
5598709.00
8629000.00
8029583.00
7091417.00
8907292.00
7566250.00
5793917.00
7730750.00
6277917.00
7855625.00
6974375.00
5576083.00
8029708.00
6187750.00
8461958.00
6332250.00
7590875.00
7175291.00
8214333.00
9153041.00
8511042.00
8744583.00
6388792.00
5185541.00
8020917.00
6855333.00
8975666.00
7989250.00
8884833.00
6736583.00
9122541.00
5713125.00
6689625.00
9242292.00
6146542.00
8743791.00
9176834.00
6198875.00
5332625.00
6943333.00
8702458.00
6055875.00
7115917.00
8866000.00
6745833.00
8651958.00
7115209.00
7816042.00
7615709.00
6058959.00
6971833.00
8950083.00
8517125.00
8749875.00
5674125.00
9076167.00
9530875.00
7665291.00
9129500.00
7718083.00
9291417.00
6149750.00
8672125.00
9141459.00
6313625.00
8781084.00
6175833.00
5678375.00
8659292.00
9362292.00
8601542.00
6826417.00
8806917.00
8979333.00
5993792.00
7571416.00
7614750.00
8104541.00
7885625.00
5562709.00
4951208.00
7262291.00
10201250.00
5791708.00
7683166.00
6695083.00
7107625.00
5094833.00
9366958.00
6810375.00
5484709.00
8826541.00
5975541.00
6078291.00
8912375.00
6272542.00
9166083.00
6012042.00
8224375.00
6612792.00
6017333.00
8320750.00
8113292.00
8751542.00
8672084.00
7843917.00
8706917.00
8759958.00
9194125.00
7145750.00
6226167.00
6710875.00
6089917.00
8929666.00
6194875.00
6647917.00
9685042.00
5336208.00
6432416.00
6071417.00
8171000.00
6759584.00
9017000.00
8434333.00
7939375.00
7920917.00
9190542.00
7186041.00
7052083.00
8826250.00
8017917.00
7716125.00
8923541.00
7188083.00
6932083.00
5775875.00
6983916.00
7451667.00
9397709.00
5853542.00
8626291.00
5854750.00
6379959.00
5880333.00
6103625.00
7807167.00
9563625.00
5639667.00
6106166.00
8968875.00
6743000.00
7031250.00
7200208.00
6525750.00
7164625.00
6185459.00
6500125.00
8041458.00
8929375.00
6934458.00
9360458.00
7693750.00
8656625.00
5039042.00
8596375.00
8757542.00
7067625.00
7930792.00
20663125.00
6443125.00
8891791.00
6193709.00
8825000.00
7699959.00
7979750.00
7553083.00
7123792.00
9148292.00
5897416.00
7963625.00
7119625.00
7374083.00
7853083.00
6384417.00
5493417.00
24777792.00
9192875.00
17660292.00
7047125.00
7833500.00
5884166.00
7601042.00
7533291.00
7333959.00
6017625.00
10528833.00
6372167.00
7903333.00
7283208.00
6738500.00
6221334.00
6572833.00
9172500.00
7149792.00
8933208.00
9150250.00
7764334.00
6382875.00
11602541.00
8309333.00
5438833.00
8729292.00
7189208.00
8687833.00
6531583.00
8414833.00
6764209.00
11124708.00
7094875.00
9444042.00
7878417.00
8645833.00
9765708.00
7824584.00
6009583.00
7028209.00
5821167.00
9082250.00
7241166.00
8794583.00
8895042.00
7129125.00
9534709.00
7235625.00
6044375.00
5888459.00
9354250.00
9496208.00
5763792.00
9045875.00
9786500.00
7185959.00
5695208.00
8668875.00
9507417.00
6897917.00
7092334.00
9100958.00
7102917.00
5562250.00
7903000.00
7438583.00
6914167.00
6259167.00
8257750.00
5780667.00
5978625.00
9117166.00
9196125.00
8286708.00
7152666.00
9807500.00
7777708.00
10126208.00
6541833.00
7631333.00
9342334.00
6031750.00
6820167.00
8532625.00
9190209.00
9772416.00
8332000.00
6798417.00
9080167.00
9763417.00
6738542.00
6615667.00
7558250.00
5778208.00
5950250.00
9349625.00
5755583.00
8910958.00
7262375.00
7401459.00
10325000.00
7658000.00
6895500.00
9593166.00
6495709.00
9380542.00
6862250.00
6578334.00
7252334.00
8965583.00
9278917.00
10173208.00
7996750.00
10076291.00
6513875.00
8895917.00
6616500.00
8217041.00
8058791.00
8606292.00
5898125.00
9240250.00
6669875.00
6065833.00
7546292.00
7897959.00
9301209.00
6688708.00
8030459.00
8938125.00
7781375.00
6521417.00
7381708.00
8968792.00
11221667.00
9008125.00
8491208.00
7571167.00
6821792.00
10219125.00
Throughput: 0.00 ops/sec
Latency Measurements (ns):
Throughput: 47.40 ops/sec
Latency Measurements (ns):
6690583.00
6289375.00
Throughput: 0.00 ops/sec
10475958.00
6230375.00
Latency Measurements (ns):
8654250.00
7336584.00
7015541.00
8606542.00
8052000.00
6165917.00
8004708.00
8788208.00
7654708.00
9229250.00
10653542.00
7933750.00
7162166.00
7678667.00
9330500.00
7466209.00
8326959.00
11232166.00
7378875.00
10696709.00
9112125.00
10032625.00
12290417.00
6103250.00
6724667.00
6597083.00
9867167.00
7775708.00
6503333.00
6905750.00
10457500.00
7896750.00
9831458.00
8001000.00
9065500.00
11712375.00
9249875.00
8383417.00
6429833.00
6873625.00
7016958.00
8914000.00
7287333.00
6454709.00
6011625.00
9766708.00
5644500.00
6347375.00
11134833.00
9758916.00
7382458.00
7706958.00
6008084.00
7685584.00
6378666.00
11873500.00
7242875.00
9808875.00
8460125.00
8523125.00
7834500.00
7711000.00
8106708.00
7978666.00
8877791.00
6822084.00
9639542.00
6998792.00
6642541.00
9078500.00
9179583.00
8133291.00
11645167.00
8936375.00
7312500.00
9807000.00
9241042.00
7821667.00
8303750.00
10693375.00
6256625.00
7384042.00
9121084.00
8497292.00
11367417.00
10250167.00
9389625.00
9810625.00
7293167.00
8079584.00
9673792.00
8388959.00
10165917.00
13017250.00
11847375.00
7683208.00
6426583.00
6675625.00
10932084.00
6656209.00
9351500.00
7339250.00
6475875.00
8004500.00
8509500.00
10411792.00
9879708.00
8777417.00
9635416.00
9672625.00
10328791.00
9541375.00
7275667.00
9617583.00
7886750.00
11421334.00
9520917.00
7731792.00
9022916.00
9851042.00
6216417.00
8964792.00
7832334.00
9714875.00
10519833.00
8527167.00
9494250.00
8302625.00
7538125.00
6851958.00
10162333.00
9715000.00
6930958.00
7943792.00
6169000.00
10157917.00
9606666.00
10727833.00
Throughput: 0.00 ops/sec
11499208.00
Latency Measurements (ns):
6734084.00
10240083.00
6594084.00
10827708.00
9383167.00
7124958.00
8552542.00
9911500.00
11021292.00
9342000.00
7283875.00
8826834.00
9845250.00
7940500.00
8514459.00
9837250.00
7695583.00
8498000.00
9239792.00
10208084.00
11166541.00
9464959.00
9489750.00
8834125.00
8795750.00
7929417.00
7312625.00
9412000.00
12495708.00
10367084.00
10911375.00
10848417.00
6368625.00
7567000.00
8946875.00
8408000.00
7961542.00
8217584.00
7633667.00
9978500.00
9651875.00
7229791.00
10285708.00
10961375.00
8641833.00
11379333.00
9980875.00
9841500.00
8154583.00
11178875.00
7939584.00
10640209.00
9294042.00
8623334.00
12582458.00
9409292.00
9564208.00
10379042.00
7062959.00
11264208.00
11368958.00
9932250.00
8401708.00
11679000.00
7268333.00
9283875.00
10258500.00
6815167.00
7987958.00
7655000.00
9121417.00
8085458.00
6915792.00
9848750.00
8432250.00
7823125.00
7442917.00
7190625.00
6380084.00
7421875.00
7334875.00
7903333.00
8566708.00
7582375.00
6500917.00
9530417.00
10182708.00
7957500.00
10099250.00
6364875.00
8347792.00
7808958.00
8540292.00
11267125.00
8138000.00
8161917.00
11703292.00
9809042.00
7965708.00
10136917.00
10682500.00
8657458.00
10303208.00
11136584.00
7914250.00
6980625.00
7235917.00
8000083.00
11804708.00
10812042.00
8134000.00
10787125.00
8205334.00
8393333.00
11123291.00
8030625.00
14447500.00
10889958.00
10938750.00
9080166.00
10407167.00
12861542.00
9488334.00
7226250.00
9117833.00
7171166.00
10352292.00
10816333.00
6679792.00
9075042.00
11035208.00
11356209.00
7971209.00
8361291.00
7337500.00
7422958.00
10517292.00
9877416.00
10170917.00
7532583.00
11257291.00
11726291.00
11756292.00
Throughput: 0.00 ops/sec
8230500.00
Latency Measurements (ns):
7712375.00
10595084.00
10300917.00
7500084.00
11605584.00
7480500.00
Throughput: 47.02 ops/sec
9166042.00
Latency Measurements (ns):
7694834.00
8703417.00
10444000.00
8744416.00
10933417.00
8328000.00
9930541.00
7433500.00
6997750.00
9063292.00
9361166.00
7993583.00
8997292.00
9225292.00
10307000.00
9031500.00
8078208.00
11136584.00
9923916.00
6081250.00
9791750.00
8868375.00
7196708.00
8605042.00
7114958.00
7357417.00
9923750.00
7298958.00
10061000.00
8058208.00
10074750.00
8582250.00
8183541.00
11689792.00
11839709.00
5925125.00
7582708.00
9236250.00
6515959.00
8340750.00
10245542.00
5950250.00
8499375.00
7275375.00
10045709.00
7370041.00
8737875.00
6561917.00
6317709.00
5814875.00
9587084.00
10215583.00
7901084.00
7199750.00
8530250.00
8439834.00
8316791.00
9132875.00
10039583.00
6312167.00
8859458.00
8759125.00
9948958.00
7350000.00
6629458.00
8168208.00
10216042.00
8230916.00
7088792.00
Throughput: 0.00 ops/sec
Latency Measurements (ns):
9161458.00
7653917.00
7862625.00
10655292.00
8661250.00
9073834.00
10237667.00
6307292.00
8289417.00
8324000.00
8073334.00
9776084.00
Throughput: 0.00 ops/sec
7325125.00
Latency Measurements (ns):
12819125.00
10321709.00
8562500.00
9936625.00
8473000.00
8972000.00
6450542.00
8493000.00
8254542.00
8595792.00
8264500.00
6020666.00
8688458.00
7872334.00
7065208.00
9153333.00
8004709.00
6070083.00
8585750.00
7723166.00
12321750.00
6539292.00
11008416.00
7273584.00
9888750.00
7111708.00
8121958.00
6596875.00
9035791.00
Throughput: 0.00 ops/sec
8476125.00
9155916.00
10374042.00
Latency Measurements (ns):
9504583.00
8968583.00
5865083.00
10533583.00
8111125.00
9181583.00
7072833.00
8615458.00
6312041.00
10726791.00
8026208.00
7833167.00
10100583.00
5860833.00
7815250.00
9049250.00
11175459.00
7459625.00
9554625.00
8074333.00
8395042.00
9686833.00
8092042.00
9890958.00
6180125.00
6395292.00
9978000.00
9620167.00
9431000.00
10825875.00
13217875.00
12074208.00
10388959.00
8989041.00
7688625.00
9110041.00
8722208.00
8297375.00
6736584.00
8556584.00
8843250.00
12856500.00
8584959.00
7638583.00
7078417.00
9601000.00
8353416.00
8411875.00
7972250.00
7739583.00
6226667.00
8215750.00
9596125.00
9530125.00
6309583.00
9872625.00
6401542.00
10188750.00
7035709.00
9980208.00
8953667.00
6762500.00
6573875.00
6819500.00
8983292.00
7329875.00
9739709.00
8077000.00
8330667.00
6694375.00
8092417.00
7997084.00
10111958.00
9518750.00
8807041.00
7457416.00
10598500.00
7477792.00
8325417.00
9372167.00
7549208.00
9887083.00
6778792.00
68625208.00
10925875.00
10635125.00
8921917.00
8065917.00
10496542.00
7708666.00
8871833.00
8410500.00
8065958.00
10210000.00
9335250.00
10363209.00
7069958.00
8205416.00
8461917.00
7026000.00
6930833.00
10580459.00
6807416.00
12860958.00
10728084.00
8875167.00
10551084.00
6521750.00
10017208.00
9898500.00
10782125.00
8815000.00
11104083.00
9148709.00
7563667.00
6598750.00
10280208.00
9932667.00
9657542.00
10090625.00
9310167.00
7377666.00
10034250.00
7457958.00
12923500.00
6768208.00
8787209.00
9385334.00
9047375.00
10380917.00
7268500.00
8668000.00
10715917.00
6114417.00
9849291.00
10303667.00
11075875.00
9276667.00
9873583.00
8434833.00
6726000.00
8937458.00
9870541.00
9904500.00
10247709.00
6892917.00
8174167.00
7338584.00
6505375.00
6698333.00
11897625.00
7351750.00
6575708.00
8129208.00
7199625.00
6360833.00
7400875.00
9900791.00
10293000.00
10736875.00
7879750.00
7602083.00
9520792.00
8285250.00
11233542.00
7306417.00
10220416.00
8220625.00
7433834.00
7423250.00
10156292.00
6907125.00
7731625.00
7637500.00
8983417.00
9865375.00
8375458.00
7804458.00
6629250.00
8445375.00
7585541.00
7582875.00
7760667.00
7946292.00
8307125.00
7447917.00
8706833.00
8959625.00
6844000.00
42463209.00
10358958.00
7227666.00
10509250.00
9226042.00
7992166.00
10563833.00
8748375.00
9204792.00
9814458.00
11063833.00
7080666.00
11015208.00
10331125.00
10578709.00
6735958.00
8086625.00
10100666.00
10914375.00
9736833.00
8414500.00
10725334.00
10898375.00
10378084.00
8331833.00
6695750.00
9018333.00
12258333.00
7534833.00
7563000.00
7467000.00
8726542.00
9817833.00
9498875.00
9498833.00
7214459.00
11548000.00
8750542.00
7278959.00
7422792.00
9990208.00
9525625.00
10776583.00
6608041.00
7231000.00
8215125.00
8821000.00
8265792.00
10701166.00
10960417.00
8085625.00
10708000.00
8028333.00
10443792.00
8959208.00
10085750.00
11263375.00
9064292.00
12719500.00
7905000.00
8818958.00
6688667.00
7943583.00
10757291.00
12874792.00
11483167.00
7720542.00
9041125.00
7986542.00
7506375.00
8283959.00
11647208.00
10856584.00
11253208.00
12394458.00
11542875.00
12546208.00
11284667.00
8395709.00
10545000.00
6991542.00
